3 0.2054687261581421 0.2828125 0.0644045889377594 0.04866377711296081 0.9380867004394531
3 0.3195312976837158 0.27734375 0.06453782916069031 0.0469780683517456 0.95350095960829
3 0.3726562738418579 0.278125 0.06343637704849243 0.04541202187538147 0.9681955125596788
3 0.42656865119934084 0.2752402305603027 0.06095752716064453 0.042213690280914304 0.9836799621582031
3 0.48203125 0.271875 0.0625 0.0453125 1.0
3 0.26952662467956545 0.47481985092163087 0.06095752716064453 0.0468996524810791 0.9836799621582031
3 0.321875 0.47265625 0.060360532999038694 0.046892333030700686 0.9665245903862847
3 0.37734375 0.4703125 0.0625 0.0484375 1.0
3 0.4328125 0.46953125 0.0609375 0.046875 1.0
3 0.4859327793121338 0.46894044876098634 0.048461195826530454 0.06408154368400573 0.015524233712090387
10 0.22265625 0.7187500476837159 0.042505580186843875 0.03440927863121033 0.9764322068956163
9 0.40234375 0.94609375 0.0515625 0.0578125 1.0
