3 0.13045103549957277 0.3964851856231689 0.0688209891319275 0.051651209592819214 0.9710827297634549
3 0.24296457767486573 0.3935786008834839 0.06408154368400573 0.05002322793006897 0.9844757927788629
3 0.29843285083770754 0.39081544876098634 0.048461195826530454 0.06408154368400573 0.015524233712090387
3 0.4640587329864502 0.388910174369812 0.06408154368400573 0.05158526301383972 0.9844757927788629
3 0.2484375 0.5875000476837158 0.06659120917320252 0.04697059094905853 0.9697076585557726
3 0.2054687261581421 0.9703124046325684 0.0644045889377594 0.04866377711296081 0.9380867004394531
3 0.3195312976837158 0.9648438453674316 0.06453782916069031 0.0469780683517456 0.95350095960829
3 0.3726562738418579 0.965625 0.06343637704849243 0.04541202187538147 0.9681955125596788
3 0.42656865119934084 0.962740135192871 0.06095752716064453 0.042213690280914304 0.9836799621582031
3 0.48203125 0.959375 0.0625 0.0453125 1.0
