3 0.0049867182970047 0.8974528312683105 0.06413848996162415 0.04811678528785705 0.6198255327012804
3 0.07831054925918579 0.9089057922363282 0.0672601342201233 0.04769552946090698 0.6584946102566189
3 0.1507812738418579 0.92265625 0.06697239875793456 0.05069873332977295 0.6173445807562934
3 0.060937505960464475 0.59921875 0.06813127994537353 0.050381577014923094 0.6584946102566189
3 0.0296875 0.7546875 0.05252143740653992 0.06431196928024292 0.6559582180447049
3 0.01400451511144638 0.4430130958557129 0.052494782209396365 0.06782706379890442 0.5843849182128906
3 0.234375 0.48593754768371583 0.05252256989479065 0.059908562898635866 0.6674276563856337
3 0.044855886697769166 0.2896084785461426 0.0672601342201233 0.049837103486061095 0.6584946102566189
3 0.1163676381111145 0.3014993190765381 0.0667367160320282 0.04903407692909241 0.6507826487223307
3 0.18828123807907104 0.31796870231628416 0.06803743839263916 0.042902588844299316 0.6256658766004775
3 0.2632812738418579 0.33125 0.06547757983207703 0.04813202321529388 0.6086933983696832
3 0.07157648801803589 0.1458316922187805 0.05037713050842285 0.062225961685180665 0.6833818647596571
3 0.14148452281951904 0.15949933528900145 0.0506858229637146 0.062439066171646115 0.6422696431477865
3 0.21614696979522705 0.17539913654327394 0.05287163853645325 0.059798049926757815 0.6204478793674045
