3 0.4737980365753174 0.1653846025466919 0.0676040768623352 0.04593610763549805 0.6256658766004775
3 0.5460937023162842 0.18125 0.06649376153945923 0.047237816452980044 0.6173446231418186
3 0.6187499046325684 0.1953125 0.063776034116745 0.045554313063621524 0.6559583452012804
3 0.6924867153167724 0.20995285511016845 0.06413848996162415 0.04811678528785705 0.6198255327012804
3 0.7658105850219726 0.2214057207107544 0.0672601342201233 0.04769552946090698 0.6584946102566189
3 0.83828125 0.23515627384185792 0.06697239875793456 0.05069873332977295 0.6173445807562934
3 0.5015625 0.024218741059303283 0.05118160843849182 0.06404399871826172 0.6559582180447049
3 0.5723562717437745 0.03858590126037598 0.04985330402851105 0.05979458689689636 0.6422696431477865
3 0.6470242500305176 0.05117628574371338 0.05250301957130432 0.05896238088607788 0.6443846384684245
3 0.7171875476837158 0.0671875 0.05252143740653992 0.06431196928024292 0.6559582180447049
