3 0.4737980842590332 0.852884578704834 0.0676040768623352 0.04593610763549805 0.6256658766004775
3 0.5460937023162842 0.86875 0.06649376153945923 0.047237816452980044 0.6173446231418186
3 0.61875 0.8828125 0.063776034116745 0.045554313063621524 0.6559583452012804
3 0.6924867153167724 0.8974528312683105 0.06413848996162415 0.04811678528785705 0.6198255327012804
3 0.7658106327056885 0.9089057922363282 0.0672601342201233 0.04769552946090698 0.6584946102566189
3 0.83828125 0.9226561546325683 0.06697239875793456 0.05069873332977295 0.6173445807562934
3 0.5015625 0.71171875 0.05118160843849182 0.06404399871826172 0.6559582180447049
3 0.5723562240600586 0.7260858535766601 0.04985330402851105 0.05979458689689636 0.6422696431477865
3 0.6470242500305176 0.7386763095855713 0.05250301957130432 0.05896238088607788 0.6443846384684245
3 0.7484375953674316 0.5992188453674316 0.06813127994537353 0.050381577014923094 0.6584946102566189
3 0.7171875 0.7546875 0.05252143740653992 0.06431196928024292 0.6559582180447049
3 0.675639533996582 0.5880383968353271 0.06590813994407654 0.04690050184726715 0.663817384507921
3 0.6023437023162842 0.57265625 0.0653457760810852 0.046900498867034915 0.663817384507921
3 0.53046875 0.5562500476837158 0.06755468249320984 0.047694265842437744 0.6380660163031684
3 0.55703125 0.4140625476837158 0.050316238403320314 0.06091758608818054 0.712149895562066
3 0.7015045166015625 0.4430130958557129 0.052494782209396365 0.06782706379890442 0.5843849182128906
3 0.9218749046325684 0.48593754768371583 0.05252256989479065 0.059908562898635866 0.6674276563856337
3 0.58515625 0.2625 0.061659663915634155 0.043406474590301516 0.6755835215250651
3 0.6585937976837158 0.2749999761581421 0.06555064916610717 0.048538076877594 0.6298818800184461
3 0.7323559761047364 0.2896085262298584 0.0672601342201233 0.049837103486061095 0.6584946102566189
3 0.8038676261901856 0.3014992713928223 0.0667367160320282 0.04903407692909241 0.6507826487223307
3 0.87578125 0.31796870231628416 0.06803743839263916 0.042902588844299316 0.6256658766004775
3 0.95078125 0.3312499761581421 0.06547757983207703 0.04813202321529388 0.6086933983696832
3 0.6146875381469726 0.12156250476837158 0.041926270723342894 0.061491870880126955 0.7048327975802952
3 0.6859374523162842 0.13125 0.05038796067237854 0.05770783424377442 0.673802736070421
3 0.7590764999389649 0.1458316922187805 0.05037713050842285 0.062225961685180665 0.6833818647596571
3 0.828984546661377 0.15949933528900145 0.0506858229637146 0.062439066171646115 0.6422696431477865
3 0.9036469459533691 0.1753990888595581 0.05287163853645325 0.059798049926757815 0.6204478793674045
