1 0.037500029802322386 0.7117186546325683 0.04441370666027069 0.052501678466796875 0.5674717373318142
8 0.2499999761581421 0.5492187023162842 0.07189463376998902 0.06288639307022095 0.7110738966200086
8 0.18437501192092895 0.4546875 0.08027749061584473 0.06297363638877869 0.7273585001627604
1 0.45546875 0.4031250476837158 0.08496544361114503 0.08877482414245605 0.6443846384684245
1 0.3875 0.3054687261581421 0.08734393119812012 0.09359592199325562 0.7000462849934895
1 0.6679328918457031 0.2617377519607544 0.08805387616157531 0.09089694023132325 0.6900303734673394
8 0.60078125 0.15546875 0.0876396894454956 0.06434730291366578 0.6793815612792968
8 0.884375 0.1093749761581421 0.09172289371490479 0.06647512316703796 0.6708472357855902
8 0.8157431602478027 0.01664762496948242 0.08244602680206299 0.06429058313369751 0.7102737850613065
1 0.6829178333282471 0.4072134971618652 0.08198660016059875 0.0755828082561493 0.6664624955919054
