1 0.1 0.9734375 0.048663437366485596 0.05326300859451294 0.5265104505750868
1 0.3186300992965698 0.989870834350586 0.04441458880901337 0.05683748722076416 0.5634510464138455
1 0.2796875 0.9320313453674316 0.04221621453762055 0.05455357432365417 0.5647371080186632
1 0.24140620231628418 0.8781249046325683 0.04541781842708588 0.05367559790611267 0.5529293908013238
1 0.5132811546325684 0.85625 0.03983364999294281 0.05026977062225342 0.5423786163330078
1 0.4773437976837158 0.79765625 0.04658571481704712 0.052873355150222776 0.5825711992051866
1 0.43700923919677737 0.7434813976287842 0.05387793779373169 0.058137422800064086 0.6717913309733073
1 0.725 0.7117187023162842 0.04441370666027069 0.052501678466796875 0.5674717373318142
1 0.6875841617584229 0.6571393966674804 0.05440501570701599 0.0568717360496521 0.5791668362087674
1 0.6456706047058105 0.602109146118164 0.05286470055580139 0.05417167544364929 0.630758794148763
8 0.9375 0.5492187023162842 0.07189463376998902 0.06288639307022095 0.7110738966200086
8 0.871875 0.4546875 0.08027749061584473 0.06297363638877869 0.7273585001627604
