3 0.6624999523162842 0.09531247615814209 0.044168269634246825 0.04160293936729431 0.6130612267388238
3 0.7382812023162841 0.11015625 0.04574263393878937 0.041012489795684816 0.54649904039171
3 0.81328125 0.12421873807907105 0.05012278556823731 0.045419180393218996 0.5423786163330078
3 0.8859375953674317 0.13437496423721312 0.05303300619125366 0.048613590002059934 0.5
3 0.6321754932403565 0.2400961399078369 0.050389111042022705 0.05252095460891724 0.6695012834337023
3 0.8531249046325684 0.2828124761581421 0.0485362708568573 0.0511364221572876 0.6256659613715277
3 0.8265625 0.42734370231628416 0.05287294983863831 0.04250296950340271 0.5941238403320312
3 0.9007443428039551 0.4437838077545166 0.05202509760856629 0.04971733093261719 0.5289173973931207
3 0.6477503776550293 0.5481439590454101 0.04287166893482208 0.059395551681518555 0.6070837656656901
3 0.72578125 0.5601561546325684 0.04813300371170044 0.059724390506744385 0.6070837656656901
3 0.8724493026733399 0.5887648582458496 0.043777891993522645 0.05850064754486084 0.6130612267388238
3 0.5521331787109375 0.6837585926055908 0.050021547079086306 0.04563463628292084 0.577255121866862
3 0.6206799507141113 0.6903053760528565 0.06541281938552856 0.04762421846389771 0.5443434397379557
3 0.6975545406341552 0.7079003334045411 0.06423319578170776 0.045420125126838684 0.54649904039171
3 0.76953125 0.7203124523162842 0.06609180569648743 0.04440951347351074 0.5538221995035807
3 0.8438882827758789 0.7376802444458008 0.05906580686569214 0.045632359385490415 0.5835980309380425
3 0.5926313400268555 0.8447693824768067 0.047230961918830874 0.06502704620361328 0.6086933983696832
3 0.6682548522949219 0.8550639152526855 0.049063488841056824 0.050307488441467284 0.5862795935736762
