1 0.022656285762786867 0.94296875 0.04505919218063355 0.06207622885704041 0.6392089419894749
1 0.0588620662689209 0.9987518310546875 0.042887911200523376 0.05681143999099732 0.6499526129828559
1 0.12605698108673097 0.7949907779693604 0.04555431008338928 0.0589526355266571 0.6559583452012804
1 0.16505180597305297 0.8511419296264648 0.04690103828907013 0.06085162162780762 0.6668706681993273
1 0.20078125 0.90703125 0.048538127541542055 0.059886825084686277 0.6302790323893229
1 0.271508002281189 0.6963165283203125 0.04073596596717834 0.05118231177330017 0.6526251898871528
1 0.306670618057251 0.7525840759277344 0.04376931786537171 0.05070306658744812 0.6256659613715277
1 0.3433576822280884 0.8095792770385742 0.04723818004131317 0.05762644410133362 0.6198255327012804
1 0.46469869613647463 0.5618100166320801 0.047698548436164855 0.0506858229637146 0.6422696431477865
1 0.5422807693481445 0.6751579284667969 0.04072279930114746 0.05600913763046265 0.6602308485243056
1 0.68046875 0.4171875 0.03724734783172608 0.05600500702857971 0.6559582180447049
1 0.7171875 0.478125 0.03428026735782623 0.0511265754699707 0.6422696431477865
1 0.75625 0.5312500953674316 0.03215598464012146 0.05573704242706299 0.6559582180447049
8 0.8963487625122071 0.2615410566329956 0.05376093983650208 0.06285057663917541 0.6124963548448351
8 0.96484375 0.36640625 0.04468750655651092 0.06281250119209289 0.5903344472249349
