3 0.4338857650756836 0.9199092864990235 0.044397377967834474 0.043441992998123166 0.5811751047770183
3 0.5082013130187988 0.9348027229309082 0.047612613439559935 0.04645645916461945 0.5302923414442274
3 0.5810870170593262 0.9466485977172852 0.04904711544513703 0.045953139662742615 0.6027345869276258
3 0.6539062023162842 0.9601563453674317 0.049414238333702086 0.042212164402008055 0.5577158610026042
3 0.7277359962463379 0.9753551483154297 0.04866378605365753 0.049717336893081665 0.5289173973931207
3 0.5281250476837158 0.78359375 0.046374908089637755 0.059459257125854495 0.6443846384684245
3 0.6030088424682617 0.7969388484954834 0.04826003909111023 0.055242717266082764 0.680668936835395
3 0.8203125 0.8335938453674316 0.0455439954996109 0.06395540833473205 0.6695012834337023
3 0.4890625 0.625 0.05046865940093994 0.044762653112411496 0.6869045257568359
3 0.5606344223022461 0.6366281509399414 0.04941058158874512 0.04634712636470795 0.6144982231987848
3 0.636525011062622 0.6489571571350098 0.052500927448272706 0.04812972843647003 0.5941238403320312
3 0.7087897300720215 0.666039514541626 0.05068276524543762 0.045954498648643496 0.6076531728108724
3 0.7804687976837158 0.67890625 0.04677503407001495 0.04402355551719665 0.6855471716986762
3 0.5888023853302002 0.48617849349975584 0.0468228816986084 0.060118913650512695 0.7143338521321615
3 0.54765625 0.3273437261581421 0.0446360319852829 0.04723618924617767 0.6256659613715277
3 0.6203125 0.34296875 0.047500011324882505 0.04343750774860382 0.5903344472249349
3 0.5640625 0.17265622615814208 0.04477038383483887 0.05745248794555664 0.673802736070421
3 0.6390625476837158 0.1874999761581421 0.04125116765499115 0.06017148494720459 0.7270314534505208
