3 0.4523437976837158 0.54140625 0.047651642560958864 0.045067495107650755 0.6198255327012804
3 0.5222348690032959 0.5541696071624755 0.048528024554252626 0.04422178268432617 0.6443846384684245
3 0.5968750476837158 0.56953125 0.04739948213100433 0.04320947825908661 0.5604481591118706
3 0.4031250476837158 0.37421875 0.04540922939777374 0.047608986496925354 0.5604481591118706
3 0.4720785140991211 0.3940729141235352 0.044008228182792666 0.06085732579231262 0.6755835215250651
3 0.5453125 0.40703125 0.045951998233795165 0.05642538666725159 0.6010030534532335
3 0.620455551147461 0.4158729076385498 0.04690103828907013 0.049035266041755676 0.6668706681993273
3 0.69453125 0.43359375 0.04341378509998321 0.05261713862419128 0.6624542236328125
3 0.4338858604431152 0.23240926265716552 0.044397377967834474 0.043441992998123166 0.5811751047770183
3 0.5082014083862305 0.24730277061462402 0.047612613439559935 0.04645645916461945 0.5302923414442274
3 0.5810870170593262 0.25914859771728516 0.04904711544513703 0.045953139662742615 0.6027345869276258
3 0.6539062023162842 0.2726562738418579 0.049414238333702086 0.042212164402008055 0.5577158610026042
3 0.7277359962463379 0.2878551959991455 0.04866378605365753 0.049717336893081665 0.5289173973931207
3 0.5281250476837158 0.09609373807907104 0.046374908089637755 0.059459257125854495 0.6443846384684245
3 0.6030088424682617 0.10943872928619384 0.04826003909111023 0.055242717266082764 0.680668936835395
3 0.8203125953674316 0.14609375 0.0455439954996109 0.06395540833473205 0.6695012834337023
