3 0.3984375 0.14296873807907104 0.05848725438117981 0.046975338459014894 0.9656216091579861
3 0.5078125 0.14140626192092895 0.0422139972448349 0.05984769463539123 0.01674928665161133
3 0.5125000476837158 0.33046875 0.04221571981906891 0.050268429517745974 0.01988789505428738
3 0.5679764747619629 0.32898356914520266 0.047264266014099124 0.04710879623889923 0.9365489535861545
3 0.621875 0.33125 0.04001226723194122 0.052015948295593264 0.41742880079481337
3 0.57265625 0.5226562976837158 0.05002302527427673 0.06601551771163941 0.015154749817318387
3 0.6289002418518066 0.5236851215362549 0.04377508759498596 0.06408154368400573 0.015524233712090387
3 0.3609375 0.7203125 0.065625 0.04375 1.0
3 0.4179647922515869 0.7219305038452148 0.04386146366596222 0.06590352058410645 0.045395739873250324
3 0.4751340389251709 0.7132905960083008 0.045420128107070926 0.06423320174217224 0.043835398885938855
3 0.5312529087066651 0.7140236377716065 0.042303070425987244 0.06279240250587463 0.04765726195441352
3 0.5828125 0.7125 0.05625 0.040625 1.0
3 0.6382812023162842 0.7124999523162842 0.04065170884132385 0.061478191614151 0.016320007377200657
3 0.36796875 0.92109375 0.0609375 0.0453125 1.0
3 0.4234375 0.9125 0.0625 0.046875 1.0
3 0.4796875 0.91640625 0.0609375 0.05 1.0
3 0.53671875 0.9109375 0.065625 0.0484375 1.0
3 0.5890625 0.90625 0.05625 0.040625 1.0
