3 0.3609375 0.0328125 0.065625 0.04375 1.0
3 0.4179647922515869 0.03443052172660828 0.04386146366596222 0.06590352058410645 0.045395739873250324
3 0.4751340389251709 0.025790494680404664 0.045420128107070926 0.06423320174217224 0.043835398885938855
3 0.5312529087066651 0.026523655652999877 0.042303070425987244 0.06279240250587463 0.04765726195441352
3 0.5828125 0.025 0.05625 0.040625 1.0
3 0.6382811546325684 0.025 0.04065170884132385 0.061478191614151 0.016320007377200657
3 0.36796875 0.23359375 0.0609375 0.0453125 1.0
3 0.4234375 0.225 0.0625 0.046875 1.0
3 0.4796875 0.22890625 0.0609375 0.05 1.0
3 0.53671875 0.2234375 0.065625 0.0484375 1.0
3 0.5890625 0.21875 0.05625 0.040625 1.0
10 0.5578125 0.69140625 0.0390625 0.046875 1.0
1 0.58203125 0.89765625 0.051775121688842775 0.034516751766204834 0.9422841389973958
