3 0.6600000858306885 0.4793750286102295 0.04891398251056671 0.0545041561126709 0.7048327975802952
3 0.73203125 0.49375 0.037268918752670285 0.0567700982093811 0.6256658766004775
3 0.80234375 0.50859375 0.04250266551971436 0.060718095302581786 0.5936330159505209
3 0.6015625 0.778125 0.04421761333942413 0.06090044975280762 0.6531288570827908
3 0.6739591598510742 0.7939593315124511 0.04562975466251373 0.06222595572471619 0.5679500579833985
3 0.74765625 0.8062499046325684 0.03981042802333832 0.05778793692588806 0.5124811808268229
3 0.8212419509887695 0.8212995529174805 0.04904711544513703 0.05939418077468872 0.6027345869276258
3 0.8931528091430664 0.8332044601440429 0.04204732477664948 0.05980517864227295 0.6302790323893229
3 0.965625 0.85 0.0454153835773468 0.06387504339218139 0.5557012769911024
3 0.5757812023162842 0.9273436546325684 0.061892378330230716 0.045953407883644104 0.6032589806450738
3 0.6503604888916016 0.9380409240722656 0.061970412731170654 0.045936116576194765 0.6256659613715277
3 0.7453125 0.0296875 0.06478441953659057 0.04541744291782379 0.7117523193359375
3 0.81640625 0.04296878278255463 0.06183655261993408 0.0476956307888031 0.639208984375
3 0.8892752647399902 0.05579301118850708 0.05980517864227295 0.047231802344322206 0.6302790323893229
3 0.9617188453674317 0.06953122615814208 0.059395551681518555 0.04542013108730316 0.7048327975802952
3 0.7164062023162842 0.18203123807907104 0.044682687520980834 0.054491078853607176 0.6051369137234158
3 0.7875 0.19609375 0.045951998233795165 0.05642538666725159 0.6010030534532335
3 0.8598381042480469 0.20960538387298583 0.04813395440578461 0.056861776113510135 0.6010030534532335
3 0.93359375 0.2210937261581421 0.03983129262924194 0.05590511560440063 0.5254511939154731
3 0.6896875858306885 0.3270313024520874 0.06568449139595031 0.045420128107070926 0.7048327975802952
3 0.760797119140625 0.34271013736724854 0.062225961685180665 0.04476659893989563 0.6833818647596571
3 0.8343750953674316 0.35390625 0.06197224855422974 0.04192356765270233 0.6975987752278646
3 0.9078125 0.36875004768371583 0.06201194524765015 0.04541720449924469 0.6975987752278646
3 0.9795795440673828 0.3825905084609985 0.06429075002670288 0.04541744291782379 0.7117523193359375
3 0.95078125 0.53359375 0.042071521282196045 0.060374051332473755 0.6531288570827908
3 0.6294750213623047 0.6261110305786133 0.05871341824531555 0.04191439747810364 0.7199875725640191
3 0.7046875476837158 0.64140625 0.0602932870388031 0.044742897152900696 0.7270314534505208
3 0.7789063453674316 0.6546875953674316 0.061258500814437865 0.03915408551692963 0.6755835215250651
3 0.8484375 0.66953125 0.06397092342376709 0.0442163348197937 0.6343861897786458
3 0.9234375 0.68203125 0.06226562857627869 0.049828249216079715 0.545395745171441
3 0.996195125579834 0.6970145225524902 0.06375689506530761 0.044687265157699586 0.5996958838568793
3 0.7220809936523438 0.9522274971008301 0.06085660457611084 0.04204960465431214 0.6724900563557943
3 0.7944138050079346 0.9667257308959961 0.059783315658569335 0.043777891993522645 0.6130612267388238
3 0.8668255805969238 0.9810242652893066 0.060849863290786746 0.04614007174968719 0.6855471716986762
3 0.94296875 0.9921874046325684 0.06147702932357788 0.044220322370529176 0.6392089419894749
