3 0.6015625 0.09062502384185792 0.04421761333942413 0.06090044975280762 0.6531288570827908
3 0.6739591598510742 0.10645935535430909 0.04562975466251373 0.06222595572471619 0.5679500579833985
3 0.74765625 0.11874995231628419 0.03981042802333832 0.05778793692588806 0.5124811808268229
3 0.8212420463562011 0.13379956483840943 0.04904711544513703 0.05939418077468872 0.6027345869276258
3 0.8931528091430664 0.14570447206497192 0.04204732477664948 0.05980517864227295 0.6302790323893229
3 0.965625 0.16249998807907104 0.0454153835773468 0.06387504339218139 0.5557012769911024
3 0.57578125 0.23984375 0.061892378330230716 0.045953407883644104 0.6032589806450738
3 0.6503604888916016 0.25054082870483396 0.061970412731170654 0.045936116576194765 0.6256659613715277
3 0.996195125579834 0.009514355659484863 0.06375689506530761 0.044687265157699586 0.5996958838568793
3 0.7220809459686279 0.2647274017333984 0.06085660457611084 0.04204960465431214 0.6724900563557943
3 0.7944138050079346 0.2792256593704224 0.059783315658569335 0.043777891993522645 0.6130612267388238
3 0.8668255805969238 0.2935241937637329 0.060849863290786746 0.04614007174968719 0.6855471716986762
3 0.94296875 0.3046875 0.06147702932357788 0.044220322370529176 0.6392089419894749
