3 0.48984375 0.82890625 0.0515625 0.0453125 1.0
3 0.5429687023162841 0.8281249046325684 0.05182279944419861 0.04377725124359131 0.9807144165039062
3 0.5984375 0.8265625 0.046875 0.0375 1.0
3 0.65390625 0.82578125 0.0453125 0.0390625 1.0
3 0.4851562976837158 0.63515625 0.05694344639778137 0.039089030027389525 0.9646685282389323
3 0.5403660297393799 0.6343942165374756 0.056442588567733765 0.042303082346916196 0.9529290093315972
9 0.1539062738418579 0.37578125 0.13340909481048585 0.11267287731170654 0.9625949435763889
3 0.4609375 0.06484375 0.0546875 0.05 1.0
3 0.5728785991668701 0.0617634654045105 0.05488714575767517 0.04062022268772125 0.9491786532931857
3 0.7500000476837159 0.24296877384185792 0.059867799282073975 0.037530291080474856 0.9665245903862847
