1 0.08437501788139343 0.890625 0.03905509412288666 0.04889495074748993 0.6027345869276258
1 0.12421875 0.94375 0.040744879841804506 0.04648284614086151 0.6375640445285373
1 0.16811294555664064 0.9962934494018555 0.035607960820198056 0.04595256447792053 0.6018038007948133
1 0.2921875 0.7476562976837158 0.03342507481575012 0.0490978330373764 0.6027345445421007
1 0.3328125238418579 0.8015625 0.033438804745674136 0.04916301071643829 0.5862795935736762
1 0.37265629768371583 0.85625 0.03596669733524323 0.04653888940811157 0.6076531728108724
8 0.5150950908660888 0.5924912929534912 0.05881727933883667 0.062220966815948485 0.5598812103271484
8 0.5757812023162842 0.69609375 0.05890077948570251 0.054238665103912356 0.5359967125786675
1 0.7203125 0.4515625 0.07498372197151185 0.08845735788345337 0.6035953945583767
8 0.92421875 0.3070312738418579 0.07843749523162842 0.06468749046325684 0.5903344472249349
1 0.9976563453674316 0.40390634536743164 0.0771945834159851 0.10040436983108521 0.6062964969211154
