1 0.22704386711120605 0.7330401420593262 0.042647945880889895 0.046884119510650635 0.6839675055609808
1 0.18984373807907104 0.6812499046325684 0.04506939351558685 0.05070306658744812 0.6256659613715277
1 0.1472760558128357 0.6190509796142578 0.04660376310348511 0.04782883822917938 0.5736946529812283
1 0.2774454116821289 0.5384744644165039 0.0342760294675827 0.04752070009708405 0.6915717654758029
1 0.3286528348922729 0.5851140022277832 0.04032340347766876 0.04286632239818573 0.6051369137234158
1 0.3736272811889648 0.6369603157043457 0.029048141837120057 0.042211949825286865 0.5760308159722223
1 0.4354720115661621 0.4318248748779297 0.0372713029384613 0.04939327836036682 0.631349860297309
1 0.5085937976837158 0.540625 0.037260052561759946 0.04862232208251953 0.6488054911295573
1 0.5750937938690186 0.33684377670288085 0.03906249701976776 0.04906249344348908 0.5903344472249349
1 0.615625 0.39218745231628416 0.03660246729850769 0.04839318096637726 0.5443434397379557
1 0.6523436546325684 0.4484374523162842 0.03220927715301514 0.04921417832374573 0.5577159033881294
1 0.7718750953674316 0.2031250238418579 0.03905509412288666 0.04889495074748993 0.6027345869276258
1 0.8117186546325683 0.2562499284744263 0.040744879841804506 0.04648284614086151 0.6375640445285373
1 0.855612850189209 0.30879347324371337 0.035607960820198056 0.04595256447792053 0.6018038007948133
1 0.9796875 0.06015629768371582 0.03342507481575012 0.0490978330373764 0.6027345445421007
