1 0.38828125 0.621875 0.04555368721485138 0.05142080783843994 0.6526252746582031
1 0.428125 0.6796875 0.04723818004131317 0.04723818004131317 0.6198255327012804
1 0.4640625 0.7367187023162842 0.044221547245979306 0.050000226497650145 0.6422696431477865
1 0.51328125 0.5375000476837158 0.03992367386817932 0.05097051858901978 0.6695012834337023
1 0.56953125 0.5828125 0.04344189167022705 0.051349079608917235 0.5825711992051866
1 0.6085937023162842 0.6374999523162842 0.03687628805637359 0.0447432279586792 0.5947862837049697
1 0.671593189239502 0.43066840171813964 0.0381448894739151 0.04685765206813812 0.6076531728108724
1 0.7476562976837158 0.5421875476837158 0.04377542436122894 0.047703328728675845 0.6198255327012804
1 0.81171875 0.3351562738418579 0.039925065636634824 0.05165930986404419 0.6526251898871528
1 0.8482481956481933 0.3929642915725708 0.041251185536384585 0.05154918432235718 0.5855116950141059
1 0.8882811546325684 0.44921875 0.03904915452003479 0.0488497257232666 0.5736946105957031
