1 0.06015623807907104 0.5421875 0.04377542436122894 0.047703328728675845 0.6198255327012804
1 0.12421875 0.33515625 0.039925065636634824 0.05165930986404419 0.6526251898871528
1 0.16074810028076172 0.3929642915725708 0.041251185536384585 0.05154918432235718 0.5855116950141059
1 0.2007812261581421 0.44921875 0.03904915452003479 0.0488497257232666 0.5736946105957031
1 0.3218750238418579 0.20234375 0.03542429208755493 0.052080750465393066 0.5405802408854167
1 0.36132261753082273 0.25733237266540526 0.04000714421272278 0.049063488841056824 0.5862796359592014
1 0.4080411434173584 0.30731704235076907 0.040019527077674866 0.043435829877853396 0.5704466078016494
1 0.5300352096557617 0.060463333129882814 0.03904803991317749 0.045954498648643496 0.6076531728108724
1 0.5737272739410401 0.11283421516418457 0.035092693567276 0.04723818004131317 0.6198255327012804
1 0.6088737487792969 0.1684424877166748 0.039927908778190614 0.044208085536956786 0.6602308485243056
8 0.817940616607666 0.009334373474121093 0.07411588430404663 0.06848307251930237 0.6144982231987848
