1 0.09999997615814209 0.8734375953674316 0.043774941563606264 0.05337957739830017 0.6204478793674045
1 0.1403910279273987 0.9332359313964844 0.048538202047348024 0.0498459666967392 0.631349860297309
1 0.18050649166107177 0.9898220062255859 0.044765031337738036 0.05679536461830139 0.6650957319471571
1 0.225 0.7906249523162842 0.038579702377319336 0.05345380902290344 0.6624541388617622
1 0.2825073003768921 0.8325597763061523 0.04126668572425842 0.056617718935012815 0.6891169230143229
1 0.321875 0.890625 0.03562500476837158 0.0631250023841858 0.5903344472249349
1 0.38627052307128906 0.686475419998169 0.042504480481147765 0.05123828053474426 0.5982423994276259
1 0.4591416835784912 0.7956990242004395 0.039927908778190614 0.05680403113365173 0.6602308485243056
1 0.5254694938659668 0.5893094062805175 0.04341388046741486 0.056797951459884644 0.663817384507921
1 0.564881420135498 0.6476344108581543 0.044765031337738036 0.05679536461830139 0.6650957319471571
1 0.601065731048584 0.6995557308197021 0.04072732329368591 0.05287163853645325 0.6204478793674045
1 0.7209078788757324 0.45636773109436035 0.038588869571685794 0.05632126927375793 0.6405839284261068
1 0.7617187976837159 0.5132812976837158 0.04468827843666077 0.05829636454582214 0.5971795399983724
1 0.8045387268066406 0.5607192039489746 0.04160476624965668 0.050700312852859496 0.6190347035725912
1 0.93203125 0.31874995231628417 0.04595414400100708 0.053946173191070555 0.6051368713378906
1 0.9742188453674316 0.36953125 0.04250450730323792 0.056032633781433104 0.6010030534532335
