3 0.0515625 0.16093748807907104 0.038587179780006406 0.046090242266654965 0.6559583452012804
3 0.12578125 0.17421873807907104 0.04637756943702698 0.04637756943702698 0.6375639173719618
3 0.19244396686553955 0.1910463333129883 0.04207160174846649 0.05547648072242737 0.6519033643934462
3 0.26953122615814207 0.2046875 0.045069390535354616 0.05070306658744812 0.6256659613715277
3 0.022200007736682893 0.30915002822875975 0.053758710622787476 0.04941058158874512 0.6144983079698351
3 0.09788569211959838 0.3250638723373413 0.05125380754470825 0.04591884016990662 0.5825711992051866
3 0.24198408126831056 0.35095691680908203 0.05321410894393921 0.045420125126838684 0.54649904039171
3 0.04140627384185791 0.6148437976837158 0.052248746156692505 0.04249942898750305 0.6096200731065539
3 0.014062452316284179 0.7648436546325683 0.04001617729663849 0.05713517069816589 0.5622148725721571
3 0.12812501192092896 0.9375 0.06277523636817932 0.0466106116771698 0.5679500579833985
