3 0.4640624523162842 0.0765625 0.049036478996276854 0.06986116170883179 0.6535003238254123
3 0.5399356842041015 0.08947609663009644 0.048233982920646665 0.06377604007720947 0.6559582180447049
3 0.61484375 0.10468747615814208 0.05417165756225586 0.05984600186347962 0.6302790323893229
3 0.8304686546325684 0.14453125 0.05158308744430542 0.061239832639694215 0.6165719774034288
3 0.509475564956665 0.23375375270843507 0.06542534828186035 0.04769889712333679 0.6427522871229384
3 0.5843749523162842 0.25000002384185793 0.05734623074531555 0.0437777042388916 0.6111997816297743
3 0.65390625 0.2625000238418579 0.06547757983207703 0.04813202321529388 0.6086933983696832
3 0.410325813293457 0.3717667579650879 0.04290289282798767 0.06675001978874207 0.6380660163031684
3 0.48125 0.38828120231628416 0.047237816452980044 0.06649376153945923 0.6173445807562934
3 0.6286035060882569 0.4150547027587891 0.049410340189933774 0.06374400854110718 0.6124963548448351
3 0.3812868595123291 0.5141288757324218 0.06510649919509888 0.04613607823848724 0.6771710713704427
3 0.45299506187438965 0.5295034885406494 0.0659281075000763 0.04940854012966156 0.6086933983696832
3 0.5265625 0.54375 0.06476373672485351 0.049063435196876524 0.587259038289388
3 0.60078125 0.5578125 0.06622220873832703 0.052865833044052124 0.6298818800184461
3 0.6728695392608642 0.5705943584442139 0.0725006639957428 0.053441041707992555 0.5875904507107205
