2 0.14988654851913452 0.4427175521850586 0.05379107594490051 0.06853654384613037 0.7299494425455729
2 0.2243713140487671 0.39948344230651855 0.05313045978546142 0.06442352533340454 0.746292707655165
2 0.1562499761581421 0.6437499523162842 0.052405327558517456 0.07179187536239624 0.7110738966200086
2 0.22020578384399414 0.6094171524047851 0.05193876624107361 0.06440712809562683 0.7606558057996962
2 0.2849684953689575 0.5746119499206543 0.05380992293357849 0.0663776695728302 0.713100094265408
2 0.34873504638671876 0.5364800453186035 0.055242717266082764 0.05948534607887268 0.680668936835395
10 0.23073410987854004 0.7764151096343994 0.051751327514648435 0.04901958703994751 0.6771710713704427
10 0.29497599601745605 0.7423798561096191 0.050389111042022705 0.051164329051971436 0.6695012834337023
2 0.359375 0.7054687023162842 0.0567700982093811 0.05286986231803894 0.6256659613715277
2 0.4210937976837158 0.6718750476837159 0.05226894021034241 0.048461583256721494 0.7648749457465278
2 0.4359375 0.8375000953674316 0.04477045238018036 0.06089743971824646 0.6755835215250651
10 0.5092655658721924 0.9747015953063964 0.0499267041683197 0.06180935502052307 0.7762632581922743
10 0.57539381980896 0.9384938240051269 0.05038135647773743 0.055242717266082764 0.680668936835395
