10 0.48281254768371584 0.5828125476837158 0.09255359768867492 0.09544428586959838 0.751903788248698
10 0.603125 0.39062502384185793 0.08508095145225525 0.08726251721382142 0.5080580393473307
10 0.5670106887817383 0.42246179580688475 0.04645645916461945 0.03426426947116852 0.5302923414442274
10 0.4580122470855713 0.3779274940490723 0.08745812773704528 0.04248684048652649 0.2084294425116645
10 0.44700169563293457 0.4250211238861084 0.038274139165878296 0.019008633494377137 0.1051369137234158
10 0.4157231330871582 0.3280703067779541 0.03918730318546295 0.02205454111099243 0.050821352005004886
2 0.41948871612548827 0.28739969730377196 0.10341150760650634 0.07514634132385253 0.03973704973856608
10 0.4962512969970703 0.29137310981750486 0.09101478457450866 0.09133667945861816 0.867903815375434
10 0.5874999523162842 0.2734375 0.09249306321144105 0.0888825535774231 0.10869340896606446
10 0.5713590621948242 0.21948482990264892 0.06037158966064453 0.0634498119354248 0.8897084554036458
10 0.55234375 0.18437498807907104 0.08972994089126587 0.09492904543876649 0.9260619269476996
10 0.45625 0.17187501192092897 0.07194290161132813 0.07194290161132813 0.9723382737901476
10 0.51171875 0.13046876192092896 0.06373561024665833 0.07529420852661133 0.8795522054036459
10 0.3983151912689209 0.2094423770904541 0.09439839124679565 0.08741625547409057 0.6793815612792968
10 0.38284037113189695 0.07123863101005554 0.041369381546974185 0.04290376603603363 0.8790496826171875
10 0.42956271171569826 0.060963505506515504 0.046272122859954835 0.03862383663654327 0.8692412482367622
10 0.4648437023162842 0.05390625 0.04551999866962433 0.04242640733718872 0.9096655103895399
