10 0.953713321685791 0.682509183883667 0.04158388376235962 0.03511261641979217 0.6392089419894749
10 0.980440330505371 0.3694826602935791 0.04341388046741486 0.03430371582508087 0.663817384507921
10 0.6424923896789551 0.024618923664093018 0.05124451518058777 0.06002929210662842 0.4295533921983507
10 0.8072310447692871 0.0832709789276123 0.06111280918121338 0.07718180418014527 0.35288312700059676
10 0.75234375 0.1390625 0.06298309564590454 0.0802244484424591 0.5176793840196398
10 0.68671875 0.21562504768371582 0.0630632221698761 0.07774961590766907 0.46366123623318145
10 0.65625 0.296875 0.05118229389190674 0.06033356189727783 0.34687116410997176
10 0.5978139400482178 0.07587058544158935 0.05387793779373169 0.06085623502731323 0.3282086902194553
10 0.5546875 0.13437501192092896 0.049817895889282225 0.06426122784614563 0.44429872300889756
10 0.521742296218872 0.17334630489349365 0.031223461031913757 0.03943168818950653 0.38342802259657116
10 0.42766103744506834 0.015270215272903443 0.06687792539596557 0.0756392240524292 0.4156150817871094
10 0.33847775459289553 0.07663005590438843 0.05287163853645325 0.06127568483352661 0.21078230539957682
10 0.39765625 0.2445312738418579 0.04554678499698639 0.059790503978729245 0.6443846384684245
10 0.44067654609680174 0.3205652475357056 0.0752524733543396 0.06436666250228881 0.06191330485873752
10 0.475 0.35703125 0.051920682191848755 0.04782418608665466 0.5825711992051866
10 0.4903125286102295 0.392343807220459 0.055901700258255006 0.04961276054382324 0.7048327975802952
10 0.3262031078338623 0.23855113983154297 0.05562324523925781 0.08102432489395142 0.43914031982421875
10 0.2625000238418579 0.20078125 0.023844408988952636 0.03217837810516357 0.36561381022135414
10 0.28046875 0.17421873807907104 0.02322756052017212 0.027820083498954772 0.47454876369900173
10 0.30926287174224854 0.14778635501861573 0.05730350017547607 0.08303683400154113 0.12226154539320204
10 0.4796875 0.2226562738418579 0.04584377408027649 0.04122641384601593 0.43654895358615453
