10 0.8314696311950683 0.9618076324462891 0.04288971126079559 0.06011057496070862 0.9003041585286459
10 0.8116708755493164 0.8746362686157226 0.05988677740097046 0.06628719568252564 0.9167126973470052
10 0.7882812976837158 0.7609375476837158 0.06143594980239868 0.06318019032478332 0.9208331637912326
2 0.7712740421295166 0.639182710647583 0.109702467918396 0.08763939738273621 0.8743341233995225
2 0.7446256637573242 0.5185036182403564 0.10789172649383545 0.08707368969917298 0.8888002183702257
10 0.725 0.3976562261581421 0.06137768030166626 0.06253801584243775 0.8519497341579861
10 0.6850302696228028 0.2828736066818237 0.0634498119354248 0.0732231616973877 0.8897084554036458
10 0.50859375 0.38203125 0.09144291877746583 0.10280494689941407 0.6310380723741319
10 0.6551519393920898 0.16726293563842773 0.05797750949859619 0.0674594759941101 0.8511945088704427
10 0.3992187023162842 0.1546875 0.09422315955162049 0.09642751216888427 0.544343524509006
10 0.485891056060791 0.1336275339126587 0.09408448934555054 0.10718050003051757 0.5996958838568793
