10 0.5238903522491455 0.9175443649291992 0.06564359664916992 0.056605982780456546 0.4248203277587891
10 0.4343749523162842 0.96953125 0.06916049718856812 0.05850122570991516 0.6135796864827474
10 0.3921874761581421 0.99921875 0.043166977167129514 0.04805179834365845 0.10869340896606446
10 0.33203122615814207 0.88359375 0.078639155626297 0.06519550085067749 0.5089658525254991
10 0.45376362800598147 0.7402585029602051 0.09387601017951966 0.1057432770729065 0.21078230539957682
10 0.26621322631835936 0.6825092315673829 0.04158388376235962 0.03511261641979217 0.6392089419894749
10 0.29294040203094485 0.3694826364517212 0.04341388046741486 0.03430371582508087 0.663817384507921
1 0.3726562738418579 0.3234375 0.04247819483280182 0.04713260531425476 0.5772550794813368
1 0.415625 0.3984375 0.04685134589672089 0.04421924948692322 0.6375639173719618
10 0.11973103284835815 0.08327100276947022 0.06111280918121338 0.07718180418014527 0.35288312700059676
10 0.06484375 0.1390625 0.06298309564590454 0.0802244484424591 0.5176793840196398
