10 0.6288501262664795 0.4054398059844971 0.05871778130531311 0.04891043603420257 0.30283696916368275
2 0.86953125 0.48593754768371583 0.1089292287826538 0.08927960395812988 0.36924124823676213
2 0.9650566101074218 0.5583140850067139 0.10156006813049316 0.09031466245651246 0.4140711466471354
10 0.6424923896789551 0.7121189117431641 0.05124451518058777 0.06002929210662842 0.4295533921983507
10 0.8072310447692871 0.7707710266113281 0.06111280918121338 0.07718180418014527 0.35288312700059676
10 0.75234375 0.8265624046325684 0.06298309564590454 0.0802244484424591 0.5176793840196398
10 0.68671875 0.903125 0.0630632221698761 0.07774961590766907 0.46366123623318145
10 0.65625 0.984375 0.05118229389190674 0.06033356189727783 0.34687116410997176
10 0.5978139877319336 0.7633707046508789 0.05387793779373169 0.06085623502731323 0.3282086902194553
10 0.5546875476837159 0.821875 0.049817895889282225 0.06426122784614563 0.44429872300889756
10 0.521742296218872 0.8608462333679199 0.031223461031913757 0.03943168818950653 0.38342802259657116
10 0.42766103744506834 0.7027702331542969 0.06687792539596557 0.0756392240524292 0.4156150817871094
10 0.4929687976837158 0.6484375476837159 0.04439738094806671 0.042205610871315004 0.4188248952229818
10 0.3384777307510376 0.7641300678253173 0.05287163853645325 0.06127568483352661 0.21078230539957682
10 0.39765625 0.93203125 0.04554678499698639 0.059790503978729245 0.6443846384684245
10 0.3262031078338623 0.926051139831543 0.05562324523925781 0.08102432489395142 0.43914031982421875
10 0.2624999761581421 0.88828125 0.023844408988952636 0.03217837810516357 0.36561381022135414
10 0.2804687738418579 0.86171875 0.02322756052017212 0.027820083498954772 0.47454876369900173
10 0.30926291942596434 0.8352863311767578 0.05730350017547607 0.08303683400154113 0.12226154539320204
10 0.4796875476837158 0.9101563453674316 0.04584377408027649 0.04122641384601593 0.43654895358615453
