10 0.9812500953674317 0.95859375 0.044467905163764955 0.05819257497787476 0.7897261725531683
10 0.9648438453674316 0.8742188453674317 0.044469529390335084 0.059292709827423094 0.7951672024197048
10 0.9426091194152832 0.7914940357208252 0.0629044532775879 0.06594045758247376 0.8477004157172309
10 0.8757813453674317 0.91796875 0.06207207441329956 0.04418959319591522 0.08117511007520888
10 0.7821603298187256 0.7582425594329834 0.04893893599510193 0.029632756114006044 0.8144528706868489
10 0.8172492027282715 0.7422319889068604 0.04904711544513703 0.057213181257247926 0.3972654554578993
10 0.92890625 0.7054688453674316 0.06526818871498108 0.07870301008224487 0.8718375311957465
10 0.90390625 0.6234374523162842 0.03983499705791473 0.04166445732116699 0.8790496826171875
10 0.88984375 0.53671875 0.0634498119354248 0.0634498119354248 0.8897084554036458
10 0.8765624046325684 0.44765625 0.07448427081108093 0.0833938717842102 0.9028204176161024
10 0.8585674285888671 0.3631117343902588 0.07115812301635742 0.0791179358959198 0.9017576429578993
10 0.8314696311950683 0.2743074417114258 0.04288971126079559 0.06011057496070862 0.9003041585286459
10 0.8116708755493164 0.1871362328529358 0.05988677740097046 0.06628719568252564 0.9167126973470052
10 0.7882812976837158 0.0734375 0.06143594980239868 0.06318019032478332 0.9208331637912326
