10 0.32191107273101804 0.5134134292602539 0.018226358294487 0.024256132543087006 0.8304986741807726
10 0.34839189052581787 0.505343246459961 0.018288591504096986 0.026698675751686097 0.7779654608832465
10 0.3689780950546265 0.4951585292816162 0.018288591504096986 0.023761819303035735 0.7779654608832465
10 0.5359375476837158 0.6367187976837159 0.06697835326194763 0.06034352779388428 0.7521532694498698
10 0.6497465610504151 0.6099509716033935 0.02726437449455261 0.030176889896392823 0.763883293999566
10 0.65 0.565625 0.017787811160087586 0.025693506002426147 0.7951672871907552
10 0.6796875953674316 0.55703125 0.026187610626220704 0.035081520676612854 0.7951672024197048
1 0.7257772445678711 0.5588957786560058 0.04790126383304596 0.04352621138095856 0.7662498474121093
1 0.7733478546142578 0.540376091003418 0.04204590916633606 0.041516661643981934 0.7800125122070313
10 0.6926943778991699 0.5873132705688476 0.028705891966819764 0.03163821399211884 0.7752794053819444
