1 0.09036204218864441 0.010491620004177093 0.03163821399211884 0.03642252683639526 0.36561381022135414
1 0.13021914958953856 0.03871239423751831 0.029464349150657654 0.034303903579711914 0.33409540388319225
1 0.16889846324920654 0.06066758632659912 0.0335426390171051 0.035664725303649905 0.3201199425591363
1 0.20990567207336425 0.08623231649398803 0.03217384219169617 0.036423218250274655 0.32282894982231986
1 0.25078125 0.10625 0.028681480884552003 0.03465975821018219 0.3340953826904297
1 0.29296875 0.13203126192092896 0.02868238091468811 0.03593854606151581 0.3201199425591363
1 0.375 0.0125 0.03003028631210327 0.041061815619468686 0.2839996125962999
1 0.4109375 0.03359372615814209 0.03081657886505127 0.03451741337776184 0.3340953826904297
1 0.453125 0.057812511920928955 0.028723281621932984 0.03610926866531372 0.25776212480333116
1 0.49041099548339845 0.08015838861465455 0.02793169915676117 0.03775951862335205 0.2715994940863715
1 0.000781252235174179 0.115625 0.030011826753616334 0.03604159653186798 0.42083316379123265
1 0.04144011735916138 0.13518109321594238 0.029988187551498412 0.038136237859725954 0.40282037523057723
1 0.07812498807907105 0.15937498807907105 0.02816646695137024 0.037598955631256106 0.3669318728976779
1 0.12012935876846313 0.18232710361480714 0.03080945909023285 0.03859090209007263 0.35288312700059676
1 0.16122596263885497 0.20808894634246827 0.029458248615264894 0.03779183030128479 0.33049867418077256
1 0.1999038577079773 0.2290745496749878 0.03217150866985321 0.03779183030128479 0.33049869537353516
1 0.2382812261581421 0.2523437738418579 0.03424786925315857 0.038323432207107544 0.24721137152777778
1 0.70234375 0.19765623807907104 0.04769009351730347 0.05354676842689514 0.33754583994547527
1 0.7937500953674317 0.2453125 0.04541639983654022 0.05509089827537537 0.30332857767740884
1 0.8786440849304199 0.2959102392196655 0.03814548552036286 0.04723384082317352 0.3888002183702257
1 0.8702818870544433 0.5172459602355957 0.03005499839782715 0.037041467428207395 0.3071775012546115
1 0.828091049194336 0.49615817070007323 0.027944791316986083 0.0342760294675827 0.30842823452419704
1 0.8184447288513184 0.5716872215270996 0.024669429659843443 0.0329608142375946 0.35119446648491753
1 0.6387014389038086 0.5264632701873779 0.036310037970542906 0.03005528748035431 0.3099697113037109
1 0.7507812023162842 0.44765625 0.0300471693277359 0.03563733994960785 0.29516722361246744
1 0.6744175910949707 0.40430798530578616 0.028670886158943178 0.037041467428207395 0.307177480061849
1 0.5921874523162842 0.35703125 0.03426805436611176 0.03788883090019226 0.2715994940863715
1 0.295103645324707 0.32681775093078613 0.037818366289138795 0.022207294404506684 0.43654895358615453
