10 0.06828124523162842 0.5759375095367432 0.037733647227287295 0.038432419300079346 0.29516722361246744
1 0.41158084869384765 0.49007353782653806 0.03429971635341644 0.036443448066711424 0.34404173956976997
1 0.5277644157409668 0.5583532810211181 0.034668761491775515 0.03943571448326111 0.3743340386284722
1 0.56484375 0.5859374523162841 0.030816149711608887 0.03671141266822815 0.34404171837700737
1 0.6060667991638183 0.6088895797729492 0.03080945909023285 0.03859090209007263 0.35288312700059676
1 0.6461601257324219 0.6297244071960449 0.03217384219169617 0.035664400458335875 0.32282894982231986
1 0.6866226673126221 0.6525121212005616 0.030814880132675172 0.03779183030128479 0.33049867418077256
1 0.7267289161682129 0.6762935638427734 0.03163188695907593 0.03859090209007263 0.3528831058078342
1 0.7675321578979493 0.6994255542755127 0.036443448066711424 0.03778328001499176 0.34404171837700737
1 0.8421875953674316 0.7484375476837158 0.039031633734703065 0.05659586787223816 0.3843587663438585
1 0.8093749046325683 0.8781249046325683 0.02816646695137024 0.037598955631256106 0.3669318728976779
1 0.77109375 0.85546875 0.03429971635341644 0.036979380249977115 0.34404173956976997
1 0.690839147567749 0.81138916015625 0.031638148427009585 0.03812298774719238 0.3669318728976779
1 0.610036039352417 0.7650240421295166 0.03163524568080902 0.034668761491775515 0.3743340810139974
1 0.5706730842590332 0.7416466236114502 0.03380204439163208 0.03510212302207947 0.3743340810139974
1 0.53125 0.7203125 0.03249999582767486 0.03999999463558197 0.4096655103895399
1 0.493651819229126 0.693883228302002 0.03469154834747314 0.03687632083892822 0.40427059597439235
1 0.37109375 0.62734375 0.03429971635341644 0.036979380249977115 0.34404173956976997
1 0.33125 0.6023437023162842 0.031248873472213744 0.03714114129543304 0.40427059597439235
1 0.25390625 0.55390625 0.03162004947662354 0.03751531541347504 0.34404171837700737
