1 0.053091198205947876 0.609185791015625 0.0444420725107193 0.03340022265911102 0.8875036451551649
1 0.09921875 0.6054687976837159 0.039963290095329285 0.03139972984790802 0.9239691840277777
1 0.1454012393951416 0.5976143836975097 0.03934274315834045 0.02693178355693817 0.9239691840277777
1 0.1953125 0.590625 0.034375 0.034375 1.0
1 0.2859375238418579 0.5820312976837159 0.0386680543422699 0.031271818280220035 0.947070566813151
1 0.7398437976837158 0.6773437976837158 0.028159785270690917 0.03580812513828278 0.3586182912190755
1 0.7778621196746827 0.6979917049407959 0.03163821399211884 0.03642252683639526 0.36561381022135414
1 0.8177191734313964 0.7262124061584473 0.029464349150657654 0.034303903579711914 0.33409540388319225
1 0.8563984870910645 0.7481677055358886 0.0335426390171051 0.035664725303649905 0.3201199425591363
1 0.8974056243896484 0.7737324237823486 0.03217384219169617 0.036423218250274655 0.32282894982231986
1 0.93828125 0.79375 0.028681480884552003 0.03465975821018219 0.3340953826904297
1 0.98046875 0.81953125 0.02868238091468811 0.03593854606151581 0.3201199425591363
1 0.9070311546325683 0.6109375 0.030816149711608887 0.03671141266822815 0.34404171837700737
1 0.9466605186462402 0.6332024574279785 0.03080446720123291 0.035664725303649905 0.3201199425591363
1 0.9859375 0.6546875476837158 0.02934839129447937 0.03913118839263916 0.29516722361246744
1 0.6482841968536377 0.7760053157806397 0.02816632390022278 0.036853769421577455 0.3820038265652127
1 0.68828125 0.8031250953674316 0.030011826753616334 0.03604159653186798 0.42083316379123265
1 0.7289401054382324 0.8226810455322265 0.029988187551498412 0.038136237859725954 0.40282037523057723
1 0.7656249523162841 0.846875 0.02816646695137024 0.037598955631256106 0.3669318728976779
1 0.80762939453125 0.8698270797729493 0.03080945909023285 0.03859090209007263 0.35288312700059676
1 0.8487260818481446 0.8955889701843261 0.029458248615264894 0.03779183030128479 0.33049867418077256
1 0.8874037742614747 0.9165745735168457 0.03217150866985321 0.03779183030128479 0.33049869537353516
1 0.92578125 0.9398436546325684 0.03424786925315857 0.038323432207107544 0.24721137152777778
1 0.4762712478637695 0.540164852142334 0.05417167544364929 0.03812748491764069 0.36924124823676213
1 0.08003216981887817 0.011925551295280456 0.036443448066711424 0.03778328001499176 0.34404171837700737
1 0.1546875 0.0609375 0.039031633734703065 0.05659586787223816 0.3843587663438585
1 0.12187498807907104 0.19062498807907105 0.02816646695137024 0.037598955631256106 0.3669318728976779
1 0.08359374403953553 0.16796875 0.03429971635341644 0.036979380249977115 0.34404173956976997
1 0.0033391907811164854 0.12388923168182372 0.031638148427009585 0.03812298774719238 0.3669318728976779
