1 0.01484375149011612 0.19765625 0.04769009351730347 0.05354676842689514 0.33754583994547527
1 0.10625001192092895 0.2453125 0.04541639983654022 0.05509089827537537 0.30332857767740884
1 0.19114407300949096 0.29591026306152346 0.03814548552036286 0.04723384082317352 0.3888002183702257
1 0.36484370231628416 0.39609375 0.04290259480476379 0.0567700982093811 0.3743340810139974
1 0.453125 0.44765625 0.042504116892814636 0.04833702445030212 0.397265370686849
1 0.6531249523162842 0.5695312023162842 0.036439308524131776 0.053880739212036136 0.353638309902615
1 0.567576551437378 0.6889256477355957 0.026519617438316344 0.04207160174846649 0.34809661441379125
1 0.4854069709777832 0.6441665172576905 0.030338260531425475 0.031223461031913757 0.38342802259657116
1 0.18278191089630128 0.5172459602355957 0.03005499839782715 0.037041467428207395 0.3071775012546115
1 0.1405911087989807 0.49615817070007323 0.027944791316986083 0.0342760294675827 0.30842823452419704
1 0.13094485998153688 0.5716872692108155 0.024669429659843443 0.0329608142375946 0.35119446648491753
1 0.06328126788139343 0.44765625 0.0300471693277359 0.03563733994960785 0.29516722361246744
