1 0.6812570095062256 0.6181638240814209 0.043777889013290404 0.03284735977649689 0.9772732204861111
1 0.740591287612915 0.609185791015625 0.0444420725107193 0.03340022265911102 0.8875036451551649
1 0.7867188453674316 0.6054687976837159 0.039963290095329285 0.03139972984790802 0.9239691840277777
1 0.8329013824462891 0.5976143836975097 0.03934274315834045 0.02693178355693817 0.9239691840277777
1 0.8828125 0.590625 0.034375 0.034375 1.0
1 0.9734375953674317 0.5820312976837159 0.0386680543422699 0.031271818280220035 0.947070566813151
1 0.7675321578979493 0.011925554275512696 0.036443448066711424 0.03778328001499176 0.34404171837700737
1 0.8421875 0.06093752384185791 0.039031633734703065 0.05659586787223816 0.3843587663438585
1 0.809375 0.19062502384185792 0.02816646695137024 0.037598955631256106 0.3669318728976779
1 0.7710937023162842 0.16796875 0.03429971635341644 0.036979380249977115 0.34404173956976997
1 0.690839147567749 0.12388924360275269 0.031638148427009585 0.03812298774719238 0.3669318728976779
1 0.610036039352417 0.07752405405044556 0.03163524568080902 0.034668761491775515 0.3743340810139974
1 0.5706730365753174 0.05414663553237915 0.03380204439163208 0.03510212302207947 0.3743340810139974
1 0.53125 0.03281247913837433 0.03249999582767486 0.03999999463558197 0.4096655103895399
1 0.493651819229126 0.0063832193613052365 0.03469154834747314 0.03687632083892822 0.40427059597439235
