1 0.7778620719909668 0.01049162596464157 0.03163821399211884 0.03642252683639526 0.36561381022135414
1 0.8177191734313964 0.03871239423751831 0.029464349150657654 0.034303903579711914 0.33409540388319225
1 0.8563984870910645 0.06066758632659912 0.0335426390171051 0.035664725303649905 0.3201199425591363
1 0.8974057197570801 0.08623231649398803 0.03217384219169617 0.036423218250274655 0.32282894982231986
1 0.93828125 0.10624995231628417 0.028681480884552003 0.03465975821018219 0.3340953826904297
1 0.98046875 0.13203127384185792 0.02868238091468811 0.03593854606151581 0.3201199425591363
1 0.6482842445373536 0.0885053277015686 0.02816632390022278 0.036853769421577455 0.3820038265652127
1 0.6882813453674317 0.11562503576278686 0.030011826753616334 0.03604159653186798 0.42083316379123265
1 0.7289401054382324 0.13518109321594238 0.029988187551498412 0.038136237859725954 0.40282037523057723
1 0.7656249523162841 0.15937501192092896 0.02816646695137024 0.037598955631256106 0.3669318728976779
1 0.80762939453125 0.1823270320892334 0.03080945909023285 0.03859090209007263 0.35288312700059676
1 0.8487259864807128 0.20808894634246827 0.029458248615264894 0.03779183030128479 0.33049867418077256
1 0.8874037742614747 0.22907452583312987 0.03217150866985321 0.03779183030128479 0.33049869537353516
1 0.92578125 0.2523437738418579 0.03424786925315857 0.038323432207107544 0.24721137152777778
1 0.9826037406921386 0.32681779861450194 0.037818366289138795 0.022207294404506684 0.43654895358615453
