1 0.05234375 0.67734375 0.028159785270690917 0.03580812513828278 0.3586182912190755
1 0.09036203026771546 0.6979917049407959 0.03163821399211884 0.03642252683639526 0.36561381022135414
1 0.13021913766860962 0.7262124061584473 0.029464349150657654 0.034303903579711914 0.33409540388319225
1 0.1688984751701355 0.748167610168457 0.0335426390171051 0.035664725303649905 0.3201199425591363
1 0.20990567207336425 0.7737323760986328 0.03217384219169617 0.036423218250274655 0.32282894982231986
1 0.2507812738418579 0.7937499523162842 0.028681480884552003 0.03465975821018219 0.3340953826904297
1 0.29296877384185793 0.81953125 0.02868238091468811 0.03593854606151581 0.3201199425591363
1 0.21953122615814208 0.6109375 0.030816149711608887 0.03671141266822815 0.34404171837700737
1 0.25916051864624023 0.6332024574279785 0.03080446720123291 0.035664725303649905 0.3201199425591363
1 0.29843754768371583 0.6546875476837158 0.02934839129447937 0.03913118839263916 0.29516722361246744
1 0.3361887693405151 0.6774767875671387 0.03005528748035431 0.035660192370414734 0.3099696689181858
1 0.375 0.7 0.03003028631210327 0.041061815619468686 0.2839996125962999
1 0.4109375 0.72109375 0.03081657886505127 0.03451741337776184 0.3340953826904297
1 0.453125 0.7453125953674317 0.028723281621932984 0.03610926866531372 0.25776212480333116
1 0.49041094779968264 0.7676584243774414 0.02793169915676117 0.03775951862335205 0.2715994940863715
1 0.0007812492549419403 0.8031250953674316 0.030011826753616334 0.03604159653186798 0.42083316379123265
1 0.0414400726556778 0.8226810455322265 0.029988187551498412 0.038136237859725954 0.40282037523057723
1 0.07812503576278687 0.846875 0.02816646695137024 0.037598955631256106 0.3669318728976779
1 0.12012938261032105 0.8698270797729493 0.03080945909023285 0.03859090209007263 0.35288312700059676
1 0.1612259864807129 0.8955890655517578 0.029458248615264894 0.03779183030128479 0.33049867418077256
1 0.19990386962890624 0.9165745735168457 0.03217150866985321 0.03779183030128479 0.33049869537353516
1 0.2382812261581421 0.93984375 0.03424786925315857 0.038323432207107544 0.24721137152777778
1 0.7023436546325683 0.8851561546325684 0.04769009351730347 0.05354676842689514 0.33754583994547527
1 0.7937500953674317 0.9328125 0.04541639983654022 0.05509089827537537 0.30332857767740884
1 0.8786440849304199 0.9834102630615235 0.03814548552036286 0.04723384082317352 0.3888002183702257
