3 0.2672891139984131 0.34382450580596924 0.029988187551498412 0.024696153402328492 0.40282037523057723
3 0.23671875 0.31015625 0.02086481302976608 0.016512644290924073 0.38880026075575086
3 0.2050323009490967 0.32226827144622805 0.019982820749282836 0.018814992904663087 0.4625949011908637
3 0.1859374761581421 0.3421875 0.018944752216339112 0.01660909652709961 0.46259481641981337
3 0.22663934230804444 0.34225151538848875 0.024607089161872864 0.024407030642032625 0.4422840966118707
3 0.2078125 0.36171875 0.026587459444999694 0.024379836022853853 0.47233831617567273
3 0.5921875 0.76328125 0.0140625 0.01875 1.0
3 0.57265625 0.75078125 0.0140625 0.0171875 1.0
3 0.553125 0.7703125 0.01875 0.01875 -0.0
3 0.5312563896179199 0.7735079765319824 0.01739983707666397 0.017258374392986296 0.9422841389973958
