2 0.20820164680480957 0.7429100036621094 0.0680673897266388 0.08375058770179748 0.90462646484375
10 0.38671872615814207 0.778125 0.026299509406089782 0.019868604838848114 0.47233831617567273
3 0.46953125 0.9125 0.027638575434684752 0.0381490170955658 0.4625949011908637
3 0.5046874523162842 0.940625 0.027642619609832764 0.03448203206062317 0.520529047648112
3 0.5374999523162842 0.96796875 0.026395490765571593 0.022076229751110076 0.47233831617567273
3 0.571875 0.9984375953674316 0.02651650309562683 0.022097086906433104 0.5
10 0.39536094665527344 0.38052408695220946 0.023489521443843843 0.024944625794887543 0.04237861103481717
10 0.19553751945495607 0.04407500922679901 0.02470529079437256 0.029053419828414917 0.6144982231987848
10 0.1760670781135559 0.020083847641944885 0.02781845033168793 0.02098585069179535 0.5704466078016494
10 0.2628906488418579 0.04023437798023224 0.03535533547401428 0.02541165053844452 0.5
10 0.2865000247955322 0.019562502205371857 0.018125000596046447 0.015625 0.4096655103895399
10 0.31171875 0.00234375 0.027245539426803588 0.02470262348651886 0.39486304389105903
