1 0.2015624761581421 0.3085937023162842 0.03425048589706421 0.029831066727638245 0.9096655103895399
1 0.24859993457794188 0.3031869173049927 0.03467082977294922 0.03140586018562317 0.9365489535861545
1 0.29226486682891845 0.2984297513961792 0.03140586018562317 0.031561335921287535 0.9365489535861545
1 0.34059572219848633 0.2926316499710083 0.03607310950756073 0.028289979696273802 0.9447806464301215
1 0.38437504768371583 0.2867187738418579 0.0386680543422699 0.031271818280220035 0.947070566813151
1 0.43051633834838865 0.2831611633300781 0.03469313085079193 0.028289327025413515 0.9137203640407986
1 0.5479103565216065 0.011437630653381348 0.0265625 0.03428308963775635 0.31191654205322267
1 0.5862051963806152 0.03474432826042175 0.02731492221355438 0.03727144300937653 0.3669318728976779
1 0.6238581657409668 0.05679086446762085 0.028168368339538574 0.03510212004184723 0.3743340810139974
1 0.6601562023162841 0.07812498807907105 0.02688189744949341 0.0348338782787323 0.3981961568196615
1 0.69609375 0.10234379768371582 0.02733258605003357 0.036443448066711424 0.34404171837700737
1 0.8742188453674317 0.3859374761581421 0.02655859589576721 0.03262912929058075 0.32282894982231986
1 0.91328125 0.41015625 0.026539334654808046 0.03192642331123352 0.33850604163275827
1 0.95390625 0.43203129768371584 0.027317413687705995 0.03308442234992981 0.32282894982231986
1 0.9921873092651368 0.45390625 0.030335164070129393 0.03423539698123932 0.3743340810139974
1 0.9784107208251953 0.6021150588989258 0.022371597588062286 0.032193276286125186 0.2752793206108941
1 0.9376112937927246 0.5810149192810059 0.02586354911327362 0.03351856470108032 0.28162420060899523
1 0.8995782852172851 0.55696702003479 0.024400343000888825 0.030817320942878722 0.33850604163275827
1 0.8627969741821289 0.5315609455108643 0.025169983506202698 0.035112825036048886 0.3586182912190755
1 0.8226563453674316 0.5109375476837158 0.02515576481819153 0.03284224271774292 0.29516722361246744
