1 0.315625 0.82421875 0.025992751121520996 0.03724734783172608 0.34404171837700737
1 0.3564567565917969 0.8504365921020508 0.025992754101753234 0.036443448066711424 0.34404171837700737
1 0.3927943229675293 0.8733301162719727 0.024669429659843443 0.03644115030765534 0.35119446648491753
1 0.4310003280639648 0.8964971542358399 0.028152379393577575 0.03859090209007263 0.35288312700059676
1 0.4669191360473633 0.9179636001586914 0.028622156381607054 0.042904782295227054 0.36790381537543404
1 0.5453124523162842 0.9679686546325683 0.02731492221355438 0.038253992795944214 0.3669318728976779
1 0.5835937023162842 0.9890625953674317 0.025191882252693178 0.04029478430747986 0.3397691514756944
1 0.36171875 0.71640625 0.029480919241905212 0.03871743083000183 0.3528831058078342
1 0.43593754768371584 0.76015625 0.02816632390022278 0.03631080389022827 0.3820038265652127
1 0.47421875 0.7843749523162842 0.029476535320281983 0.03779546916484833 0.3669318728976779
1 0.513612699508667 0.8080404281616211 0.031223461031913757 0.03597135841846466 0.38342802259657116
1 0.5507812023162841 0.83046875 0.028159785270690917 0.03580812513828278 0.3586182912190755
1 0.58828125 0.8539061546325684 0.02596707344055176 0.03610056340694427 0.3981961568196615
1 0.49590063095092773 0.6159409999847412 0.02518366277217865 0.0329609751701355 0.34921739366319443
1 0.5318203926086426 0.6378080368041992 0.02599446475505829 0.035971450805664065 0.3820038265652127
1 0.6042275905609131 0.6823182106018066 0.026856398582458495 0.03727144300937653 0.3669318728976779
1 0.6403984069824219 0.7050012588500977 0.025615215301513672 0.03469313383102417 0.3981961568196615
1 0.67767333984375 0.7284498691558838 0.027796727418899537 0.03469313383102417 0.3981961568196615
1 0.749763011932373 0.77328519821167 0.02685011625289917 0.03511168956756592 0.3637247297498915
1 0.7867187023162842 0.79609375 0.024701492488384248 0.03423539698123932 0.3743340810139974
1 0.9867712020874023 0.9171009063720703 0.04555386304855347 0.060293066501617434 0.3468711217244466
