1 0.4671875 0.2242187261581421 0.02733168303966522 0.033183181285858156 0.34921737247043183
1 0.42824516296386717 0.2006009578704834 0.026001569628715516 0.03380204439163208 0.3743340810139974
1 0.390625 0.17734373807907106 0.026001569628715516 0.034235399961471555 0.3743340810139974
1 0.3516695022583008 0.15762773752212525 0.027329251170158386 0.034303903579711914 0.3340953826904297
1 0.31015625 0.13437498807907106 0.027325421571731567 0.03573859333992004 0.35861824883355037
1 0.2724891662597656 0.11276454925537109 0.027325421571731567 0.035112825036048886 0.35861824883355037
1 0.2359375 0.08906250596046447 0.02816646695137024 0.037598955631256106 0.3669318728976779
1 0.196875 0.06875000596046447 0.026868289709091185 0.034668761491775515 0.3743340386284722
1 0.12236064672470093 0.02088260054588318 0.026882266998291014 0.03596411347389221 0.3948630862765842
1 0.3390625 0.646875 0.03547473549842835 0.02341332584619522 0.9710827297634549
1 0.3984375 0.6382812023162842 0.03811796307563782 0.023482228815555572 0.9734895494249132
1 0.4875512599945068 0.6318135738372803 0.034516751766204834 0.02206808626651764 0.9422841389973958
1 0.5320312976837158 0.62421875 0.03483619093894959 0.025045162439346312 0.9710827297634549
1 0.5750351428985596 0.6198999404907226 0.0329609751701355 0.025183665752410888 0.9395518832736545
1 0.6193453788757324 0.6148087501525878 0.034407433867454526 0.028259974718093873 0.9625949435763889
1 0.41796875 0.04999998211860657 0.041261675953865054 0.0615483283996582 0.3468711217244466
1 0.4953125 0.09843748807907104 0.03857126533985138 0.060729223489761355 0.33257234361436633
