7 0.3320312976837158 0.5476562976837158 0.05912801027297974 0.04985302984714508 0.3556153615315755
10 0.4436639785766602 0.609018611907959 0.0329609751701355 0.03562747836112976 0.34921737247043183
7 0.43984375 0.39296875 0.05252144336700439 0.05520111322402954 0.34404173956976997
1 0.8435432434082031 0.5761259078979493 0.028672417998313902 0.036443448066711424 0.34404171837700737
1 0.8818933486938476 0.5986672401428222 0.030816149711608887 0.03724734783172608 0.34404171837700737
1 0.9591607093811035 0.6432981967926026 0.031638148427009585 0.03812298774719238 0.3669318728976779
1 0.99765625 0.821875 0.027325421571731567 0.03573859333992004 0.35861824883355037
1 0.9599891662597656 0.800264549255371 0.027325421571731567 0.035112825036048886 0.35861824883355037
1 0.9234375 0.7765624523162842 0.02816646695137024 0.037598955631256106 0.3669318728976779
1 0.884375 0.75625 0.026868289709091185 0.034668761491775515 0.3743340386284722
1 0.8098606109619141 0.7083826065063477 0.026882266998291014 0.03596411347389221 0.3948630862765842
1 0.7726562976837158 0.6859375 0.02599446177482605 0.03671802878379822 0.3820038265652127
1 0.7335936546325683 0.6609375 0.027325421571731567 0.03573859333992004 0.35861824883355037
1 0.696756649017334 0.6405488967895507 0.02600518465042114 0.03511168956756592 0.36372477213541665
1 0.6589542388916015 0.6166465759277344 0.028168368339538574 0.03510212302207947 0.3743340810139974
