1 0.02734372615814209 0.54609375 0.03321891725063324 0.03556216061115265 0.46026297675238714
1 0.058203095197677614 0.38242192268371583 0.030935919284820555 0.03425048291683197 0.5
1 0.09336284399032593 0.4098174571990967 0.0332192063331604 0.03439510762691498 0.4576214260525174
1 0.12456074953079224 0.4386749267578125 0.03659594655036926 0.03542432188987732 0.46026297675238714
1 0.17265622615814208 0.2671875 0.0353391170501709 0.03754781484603882 0.519285625881619
1 0.20430030822753906 0.2941924810409546 0.0332192063331604 0.03439510762691498 0.4576214260525174
1 0.23515625 0.3218750238418579 0.03204330503940582 0.034248119592666625 0.4576214260525174
8 0.28382508754730223 0.14269661903381348 0.049823683500289914 0.04101376533508301 0.4484948476155599
8 0.33984372615814207 0.19609373807907104 0.050801593065261844 0.03905948400497437 0.4017576429578993
8 0.3953125 0.0265625 0.048594504594802856 0.04124407768249512 0.42630538940429685
8 0.4516578197479248 0.08054498434066773 0.050024408102035525 0.04221571981906891 0.42955343458387585
