2 0.7507353305816651 0.06778491735458374 0.06442352533340454 0.0822347342967987 0.8440417819552951
1 0.48125 0.17421875 0.03458449542522431 0.0384985089302063 0.7868998209635417
1 0.59921875 0.10078127384185791 0.02906395196914673 0.04261947274208069 0.40030411614312067
2 0.9046875 0.28359375 0.0671875 0.084375 1.0
2 0.7094922542572022 0.3400827407836914 0.06527406573295594 0.08303332328796387 0.7800125122070313
2 0.5558110237121582 0.4651325225830078 0.06542006731033326 0.08101937770843506 0.4461777581108941
2 0.45546870231628417 0.6468749523162842 0.05762202143669128 0.08011536598205567 0.13786020278930664
1 0.17411558628082274 0.6702189445495605 0.040870887041091916 0.03159960806369781 0.09478628370496962
1 0.16824768781661986 0.7219955921173096 0.029171618819236755 0.04017175137996674 0.8500473870171441
6 0.6506107807159424 0.6517962455749512 0.09626651406288148 0.09282090663909912 0.40109206305609807
6 0.5738581657409668 0.7419470310211181 0.09490574002265931 0.09013878107070923 0.3743340810139974
7 0.5018160343170166 0.8353727340698243 0.08423019647598266 0.08982429504394532 0.4498445298936632
