1 0.0031249992549419402 0.7359375 0.02764332592487335 0.02993330657482147 0.5235677507188585
1 0.03398440182209015 0.7621094703674316 0.027621358633041382 0.03314563035964966 0.5
1 0.06445315480232239 0.7886719703674316 0.028726211190223692 0.03204077482223511 0.5
8 0.11282545328140259 0.6198122501373291 0.045420125126838684 0.04203377068042755 0.45350095960828996
8 0.16494507789611818 0.6672675132751464 0.03879230916500091 0.04124506711959839 0.42544627719455297
8 0.22010514736175538 0.5031529903411865 0.04373690783977509 0.041251185536384585 0.4144883049858941
1 0.27158260345458984 0.5551198959350586 0.0542392373085022 0.05099838376045227 0.46107190450032554
1 0.3765625238418579 0.44296875 0.053207683563232425 0.05540597438812256 0.43526289198133683
8 0.3246684312820435 0.3917552947998047 0.04865426421165466 0.04310348331928253 0.4836800045437283
8 0.48125 0.33046870231628417 0.044064000248909 0.03982707560062408 0.4511255052354601
8 0.5902344226837158 0.215234375 0.040879616141319276 0.039774760603904724 0.5
8 0.53359375 0.16562498807907106 0.04803433120250702 0.037627747654914855 0.4556564754909939
1 0.42957725524902346 0.2813787221908569 0.05321575403213501 0.05762215852737427 0.4511255052354601
8 0.6425570011138916 0.051953673362731934 0.042028844356536865 0.040894541144371035 0.4827982160780165
8 0.6964797496795654 0.10345585346221924 0.04321661293506622 0.04203027188777923 0.4511254628499349
