1 0.060156285762786865 0.70390625 0.030011624097824097 0.03483619093894959 0.43858290778266057
1 0.07109375596046448 0.5703125476837159 0.03204077482223511 0.03646018803119659 0.5
1 0.10161814689636231 0.5991588115692139 0.035412901639938356 0.030914726853370666 0.4764322916666667
1 0.13554686307907104 0.5003906726837158 0.03314563035964966 0.03425048589706421 0.5
1 0.16328125 0.53046875 0.032059818506240845 0.032059818506240845 0.47805629306369357
1 0.19640445709228516 0.5566489219665527 0.03221176266670227 0.033197060227394104 0.43437618679470485
1 0.2359374761581421 0.3921875 0.02985142469406128 0.032135972380638124 0.47805629306369357
1 0.2667968988418579 0.420703125 0.030935919284820555 0.03425048291683197 0.5
1 0.2972625494003296 0.44956073760986326 0.03542432188987732 0.034252703189849854 0.46026297675238714
1 0.3449219226837158 0.2800781488418579 0.028726211190223692 0.03646018803119659 0.5
1 0.37541751861572265 0.3074209690093994 0.032059818506240845 0.03099370002746582 0.47805629306369357
1 0.4059112071990967 0.33632469177246094 0.0332192063331604 0.034248119592666625 0.4576214260525174
8 0.45234375 0.16093752384185792 0.04100198149681091 0.04319954812526703 0.43323330349392364
8 0.5057897090911865 0.20901060104370117 0.04782883822917938 0.03879393041133881 0.42630538940429685
8 0.5601562023162842 0.04609376788139343 0.046173584461212155 0.039797231554985046 0.43654895358615453
8 0.6132204532623291 0.09694716334342957 0.042208507657051086 0.039818161725997926 0.445565668741862
