1 0.29616379737854004 0.9680279731750489 0.05321683883666992 0.05101475715637207 0.4470706091986762
1 0.40190348625183103 0.8566438674926757 0.05320681929588318 0.05203382968902588 0.4594197591145833
10 0.46796875 0.9109375 0.039440736174583435 0.03321325182914734 0.445565668741862
10 0.496875 0.7593750476837158 0.039774751663208006 0.030935922265052797 0.5
10 0.5299870014190674 0.7901700019836426 0.03868568241596222 0.03098641037940979 0.48181580437554256
10 0.5611879825592041 0.8192615509033203 0.03982928991317749 0.02985152006149292 0.4764322916666667
1 0.591747236251831 0.6488312721252442 0.05203382968902588 0.053066062927246097 0.4594197591145833
1 0.6448879718780518 0.7011733531951905 0.05202311873435974 0.050871312618255615 0.47233831617567273
1 0.6999999523162842 0.53671875 0.055409544706344606 0.05320396423339844 0.46107190450032554
1 0.7522089004516601 0.5882929801940918 0.053407919406890866 0.05101509094238281 0.4447806888156467
