10 0.19296875 0.678125 0.02916082739830017 0.021913757920265196 0.07044657601250542
10 0.228125 0.68125 0.021875 0.028125 1.0
10 0.046875 0.684375 0.025 0.034375 1.0
10 0.33388724327087405 0.36801388263702395 0.0411029577255249 0.026966392993927002 0.09717958238389757
10 0.3445312738418579 0.41484375 0.03827414214611054 0.02697170674800873 0.10513690312703451
10 0.2861177921295166 0.4162860870361328 0.04106181859970093 0.03186887204647064 0.1256659189860026
10 0.322812557220459 0.47687501907348634 0.04150489568710327 0.029646354913711547 0.20483275519476996
10 0.2601435899734497 0.46961154937744143 0.04110263586044312 0.03005528748035431 0.09969585206773546
10 0.21796875 0.46718745231628417 0.0445294052362442 0.03128190636634827 0.045395739873250324
10 0.0171875 0.59375 0.025 0.0375 1.0
10 0.07031251192092895 0.6046875476837158 0.0386680543422699 0.025173163414001463 0.052929353713989255
