9 0.6201452255249024 0.11019389629364014 0.12964937686920167 0.12812498807907105 0.8591067843967014
10 0.8164451599121094 0.5845937728881836 0.07141497135162353 0.07784197330474854 0.8879933675130208
10 0.8546875 0.75234375 0.060372501611709595 0.07519626021385192 0.8795522054036459
10 0.04472425282001495 0.3846782922744751 0.04158388376235962 0.03511261641979217 0.6392089419894749
10 0.09921876192092896 0.5984375476837158 0.0740252435207367 0.05855727791786194 0.5
10 0.19999996423721314 0.6625000476837158 0.06395540833473205 0.05814127922058106 0.33049869537353516
10 0.2466055154800415 0.7082520961761475 0.06110882759094238 0.05681143999099732 0.3500473870171441
10 0.29453125 0.640625 0.060770070552825926 0.06724829077720643 0.47878718905978734
10 0.22568020820617676 0.43877406120300294 0.08548175096511841 0.10624527931213379 0.2011529286702474
10 0.1795588254928589 0.2758915424346924 0.06321489214897155 0.05863901376724243 0.54887449476454
10 0.13515625 0.21484375 0.06352842450141907 0.0542372465133667 0.5334754096137153
10 0.0919198215007782 0.13570549488067626 0.06305280923843384 0.05762128829956055 0.4546042972140842
10 0.06875 0.0734375 0.03542432188987732 0.03542432188987732 0.46026297675238714
