10 0.4484375 0.146875 0.05885949730873108 0.05060582756996155 0.10234474605984158
10 0.5214779376983643 0.1731173038482666 0.06222595572471619 0.05100488066673279 0.4320499420166016
2 0.6476386070251465 0.20158281326293945 0.10524568557739258 0.09084025025367737 0.45350091722276475
2 0.7721971988677978 0.2934195280075073 0.10275721549987793 0.08840923905372619 0.49194196065266926
10 0.8670589447021484 0.9633916854858399 0.06321489214897155 0.05863901376724243 0.54887449476454
10 0.82265625 0.90234375 0.06352842450141907 0.0542372465133667 0.5334754096137153
10 0.7794197559356689 0.8232054710388184 0.06305280923843384 0.05762128829956055 0.4546042972140842
10 0.7562500953674316 0.7609375476837158 0.03542432188987732 0.03542432188987732 0.46026297675238714
10 0.05213413834571838 0.5971989154815673 0.026005068421363832 0.03248704671859741 0.36561381022135414
10 0.06796875 0.5703125 0.02561080753803253 0.027790448069572447 0.3948630862765842
10 0.09773361086845397 0.5465591430664063 0.056462860107421874 0.0788249909877777 0.15289761225382487
10 0.11348378658294678 0.6369062423706054 0.058641403913497925 0.07295143604278564 0.4755266401502821
10 0.18712915182113649 0.6434387683868408 0.04000626504421234 0.05687585473060608 0.5868366241455079
10 0.30183823108673097 0.5684282302856445 0.032200613617897035 0.04321661293506622 0.4511254628499349
10 0.19079649448394775 0.6828315734863282 0.05936145782470703 0.041251185536384585 0.4144883049858941
10 0.2328125 0.71640625 0.0578125 0.06875 1.0
10 0.2640625 0.7515625 0.055463528633117674 0.05087100863456726 0.5254512363009982
10 0.2757812738418579 0.7843750476837158 0.05572885274887085 0.04963005781173706 0.680668936835395
10 0.3476562976837158 0.5 0.04782881736755371 0.05787582397460937 0.4268672943115234
10 0.125413978099823 0.47720909118652344 0.0499267041683197 0.05687047839164734 0.2237366994222005
10 0.22734375 0.415625 0.06344973444938659 0.07355383634567261 0.4232086181640625
10 0.2835937738418579 0.35 0.05118186473846435 0.05702630281448364 0.35004742940266925
10 0.3982804298400879 0.4345881938934326 0.06249774694442749 0.07375264167785645 0.40427059597439235
10 0.545703125 0.549609375 0.06629126071929932 0.07623494863510132 0.5
10 0.4781911373138428 0.6180211544036865 0.059057825803756715 0.07661897540092469 0.4268672943115234
