10 0.7322242259979248 0.3846783399581909 0.04158388376235962 0.03511261641979217 0.6392089419894749
10 0.7867187976837158 0.5984375 0.0740252435207367 0.05855727791786194 0.5
10 0.8875 0.6625000476837158 0.06395540833473205 0.05814127922058106 0.33049869537353516
10 0.9341055870056152 0.7082521438598632 0.06110882759094238 0.05681143999099732 0.3500473870171441
10 0.9820313453674316 0.6406250476837159 0.060770070552825926 0.06724829077720643 0.47878718905978734
10 0.913180160522461 0.43877406120300294 0.08548175096511841 0.10624527931213379 0.2011529286702474
10 0.8670588493347168 0.2758915901184082 0.06321489214897155 0.05863901376724243 0.54887449476454
10 0.8226563453674316 0.21484375 0.06352842450141907 0.0542372465133667 0.5334754096137153
10 0.7794198036193848 0.1357054591178894 0.06305280923843384 0.05762128829956055 0.4546042972140842
10 0.7562500953674316 0.0734375 0.03542432188987732 0.03542432188987732 0.46026297675238714
10 0.2328125 0.02890625 0.0578125 0.06875 1.0
10 0.2640624761581421 0.06406251192092896 0.055463528633117674 0.05087100863456726 0.5254512363009982
10 0.2757812738418579 0.096875 0.05572885274887085 0.04963005781173706 0.680668936835395
