10 0.6664062023162842 0.25703125 0.0360722541809082 0.03943650424480438 0.9491786532931857
10 0.6718750476837159 0.3187500238418579 0.023697394132614135 0.020371444523334503 0.957621341281467
10 0.6765625476837158 0.3703125476837158 0.02390526682138443 0.017253366112709046 0.957621341281467
10 0.7171875 0.18203125 0.015625 0.0203125 0.0
10 0.71953125 0.20625 0.021875 0.0171875 1.0
10 0.72109375 0.2328125 0.01875 0.0171875 1.0
10 0.72578125 0.259375 0.025 0.0203125 1.0
10 0.7859237670898438 0.25291757583618163 0.023489521443843843 0.017253367602825163 0.957621341281467
10 0.7898437976837158 0.2781250238418579 0.026023441553115846 0.015594571828842163 0.9602629767523871
10 0.73671875 0.3609375 0.025 0.0171875 1.0
10 0.80234375 0.40625 0.021875 0.0171875 1.0
10 0.80390625 0.4328125 0.025 0.0171875 1.0
10 0.6937500953674316 0.5281250476837158 0.03318318426609039 0.018813681602478028 0.9395518832736545
10 0.8179688453674316 0.5578125476837158 0.024009202420711518 0.015694326162338255 0.957621341281467
10 0.653125 0.17578126192092897 0.02226470410823822 0.01725514531135559 0.954604254828559
