1 0.1421875 0.9796875 0.04422157406806946 0.0534687340259552 0.6463616689046224
1 0.10390625 0.925 0.0398996502161026 0.053512471914291385 0.6362752278645833
1 0.06249997019767761 0.8656249046325684 0.04422157406806946 0.0534687340259552 0.6463616689046224
1 0.2809295654296875 0.886928653717041 0.04159771800041199 0.05417167544364929 0.6307587517632378
1 0.2398437261581421 0.8296875 0.04031173586845398 0.0538413405418396 0.6204478793674045
1 0.2047518253326416 0.7719761371612549 0.04074501395225525 0.0520098090171814 0.639208984375
1 0.42265625 0.7890624523162841 0.03782408535480499 0.04787988066673279 0.5736946529812283
1 0.3828125476837158 0.7328125476837158 0.04074458181858063 0.052198129892349246 0.6362752278645833
1 0.3406249761581421 0.67734375 0.04248201549053192 0.054256922006607054 0.6204478793674045
1 0.48299098014831543 0.5799620628356934 0.03812298774719238 0.05764300227165222 0.6330680847167969
1 0.5209842205047608 0.636013126373291 0.03814455270767212 0.055043482780456544 0.6156411912706163
1 0.558157205581665 0.6919806957244873 0.036443448066711424 0.055469071865081786 0.6559582180447049
1 0.7283206939697265 0.498030424118042 0.03990371823310852 0.06675001978874207 0.6380660163031684
1 0.6861396789550781 0.4373713493347168 0.042902103066444396 0.061117523908615114 0.6392089419894749
1 0.9706838607788086 0.4135585784912109 0.04594384729862213 0.06413867473602294 0.6213645511203342
1 0.92578125 0.3554687023162842 0.04032339751720428 0.05376453399658203 0.6051368713378906
