1 0.14218748807907106 0.2921875 0.04422157406806946 0.0534687340259552 0.6463616689046224
1 0.10390625 0.2375 0.0398996502161026 0.053512471914291385 0.6362752278645833
1 0.0625 0.178125 0.04422157406806946 0.0534687340259552 0.6463616689046224
1 0.2809295654296875 0.1994286894798279 0.04159771800041199 0.05417167544364929 0.6307587517632378
1 0.2398437261581421 0.14218751192092896 0.04031173586845398 0.0538413405418396 0.6204478793674045
1 0.2047518253326416 0.08447610139846802 0.04074501395225525 0.0520098090171814 0.639208984375
1 0.42265625 0.10156248807907105 0.03782408535480499 0.04787988066673279 0.5736946529812283
1 0.3828125 0.0453125 0.04074458181858063 0.052198129892349246 0.6362752278645833
1 0.558157205581665 0.004480692744255066 0.036443448066711424 0.055469071865081786 0.6559582180447049
1 0.09843747615814209 0.5453125 0.07636449933052063 0.08219705820083618 0.6664626227484809
