9 0.66875 0.3578124761581421 0.09144241213798524 0.10086346864700317 0.3661023881700304
9 0.51796875 0.6046874523162842 0.08599427342414856 0.08761154413223267 0.022726760970221624
9 0.4634880542755127 0.667624044418335 0.09110862016677856 0.11924511194229126 0.34404171837700737
9 0.6437499523162842 0.68359375 0.0903043806552887 0.08817763328552246 0.32498692406548396
9 0.6309031486511231 0.7713729858398437 0.10402073860168456 0.08796699643135071 0.36372477213541665
9 0.5662996768951416 0.804877758026123 0.08392416834831237 0.08954092860221863 0.32498692406548396
9 0.6136044979095459 0.8515356063842774 0.1064336657524109 0.09083563089370728 0.037405117352803545
9 0.8585938453674317 0.36640625 0.10413694381713867 0.11370977163314819 0.3108830557929145
9 0.9282700538635253 0.39271321296691897 0.0699641764163971 0.06724640130996704 0.3286426544189453
9 0.869692039489746 0.4440472602844238 0.10910935401916504 0.08878793120384217 0.6843037499321831
9 0.7660399913787842 0.45130767822265627 0.043777891993522645 0.0450605571269989 0.3869387732611762
9 0.7859375476837158 0.4843750476837158 0.06638088226318359 0.08302052021026611 0.3005621804131402
9 0.821875 0.54140625 0.06531195640563965 0.04289877116680145 0.35724771287706164
9 0.9245762825012207 0.9627335548400879 0.09144296050071717 0.09013472199440002 0.3682999504937066
