9 0.3617187738418579 0.14375001192092896 0.0943886935710907 0.09504036903381348 0.3094175338745117
9 0.415516996383667 0.1890509009361267 0.1046988844871521 0.09222768545150757 0.9890248616536458
9 0.27734377384185793 0.2375 0.05031152367591858 0.04262504279613495 0.29516722361246744
9 0.37550935745239256 0.25705866813659667 0.08362869024276734 0.06977221965789795 0.3782881418863932
9 0.3015625 0.2742187738418579 0.06938624978065491 0.09069235324859619 0.3986904568142361
9 0.3359375 0.3031250238418579 0.0898565411567688 0.06833696961402894 0.876521725124783
9 0.09473005533218384 0.11808332204818725 0.10717940330505371 0.08818036317825317 0.33281784057617186
9 0.14279857873916627 0.2081291913986206 0.09439605474472046 0.1188424825668335 0.3138859430948893
9 0.2132812738418579 0.496875 0.09782555103302001 0.09991689324378968 0.709315914577908
9 0.14687501192092894 0.47421870231628416 0.10290881395339965 0.10503957271575928 0.3293153550889757
9 0.06640625 0.58828125 0.09864636063575745 0.10135961771011352 0.33049869537353516
9 0.11325685977935791 0.6414066791534424 0.09688758850097656 0.10001220703125 0.9900536431206597
9 0.2874999761581421 0.6421875 0.0931529700756073 0.0879689872264862 0.3773228963216146
9 0.428125 0.7460937023162841 0.10537371635437012 0.09942408204078675 0.33754583994547527
9 0.3429687738418579 0.8726563453674316 0.11533129215240479 0.11251938343048096 0.2874039755927192
