9 0.6803189754486084 0.19555456638336183 0.09407323598861694 0.07718180418014527 0.35288312700059676
9 0.81484375 0.40390625 0.09648359417915345 0.08944543600082397 0.29978033701578777
9 0.81875 0.5125000476837158 0.09652153849601745 0.09652153849601745 0.32282894982231986
9 0.80234375 0.5796875 0.08477936983108521 0.07017318606376648 0.8697209676106771
9 0.75234375 0.5445312023162842 0.06848156452178955 0.08456414341926574 0.3907382117377387
9 0.7296875953674317 0.5015625476837158 0.054104506969451904 0.044769886136054995 0.3282086902194553
9 0.6039062976837158 0.7320313453674316 0.10001220703125 0.10001220703125 0.3218628989325629
9 0.4851562976837158 0.6664062976837158 0.07609869241714477 0.08109963536262513 0.21259602440728081
9 0.42734375 0.71640625 0.08896618485450744 0.12350693941116334 0.33850604163275827
9 0.5851562023162842 0.81171875 0.06889015436172485 0.07318939566612244 0.35119446648491753
9 0.5625000476837159 0.903125 0.08282686471939087 0.09869788885116577 0.01010422772831387
9 0.5211175441741943 0.8515741348266601 0.09292860627174378 0.10063074827194214 0.29034447140163844
