9 0.2104419231414795 0.92203369140625 0.16784504652023316 0.1461250901222229 0.2738530053032769
9 0.26562497615814207 0.77421875 0.15190844535827636 0.13643941879272461 0.26292377048068577
9 0.6249564170837403 0.8090934753417969 0.1328125 0.15977941751480101 0.9022510104709202
9 0.6366247653961181 0.9695444107055664 0.1451780080795288 0.16749398708343505 0.9105064392089843
9 0.946875 0.8843750953674316 0.0766233742237091 0.08522689938545228 0.8212131924099393
9 0.9145241737365722 0.5650098323822021 0.13557780981063844 0.13629812002182007 0.6949888865152994
9 0.88203125 0.40234375 0.13493707180023193 0.13265614509582518 0.4791346655951606
9 0.7790063381195068 0.29196131229400635 0.0783730387687683 0.08884294033050537 0.26511306762695314
9 0.65390625 0.23828125 0.13879055976867677 0.12062608003616333 0.18210599687364365
9 0.5124218940734864 0.18773438930511474 0.07905693650245667 0.08844494223594665 0.20483275519476996
