9 0.0066952288150787355 0.7002127647399903 0.15585105419158934 0.13979443311691284 0.2837492412990994
9 0.0765625 0.5343750476837158 0.15801984071731567 0.13488433361053467 0.27527936299641925
9 0.13984375 0.3890625238418579 0.16899316310882567 0.1412084937095642 0.28190625508626305
9 0.2104418992996216 0.23453364372253419 0.16784504652023316 0.1461250901222229 0.2738530053032769
9 0.265625 0.08671875 0.15190844535827636 0.13643941879272461 0.26292377048068577
9 0.6249564170837403 0.12159342765808105 0.1328125 0.15977941751480101 0.9022510104709202
9 0.636624813079834 0.28204452991485596 0.1451780080795288 0.16749398708343505 0.9105064392089843
9 0.6592859745025634 0.45246033668518065 0.1765625 0.1783185839653015 0.9152428521050348
9 0.7986654758453369 0.5158049583435058 0.0766164243221283 0.09126843214035034 0.42544627719455297
9 0.946875 0.19687503576278687 0.0766233742237091 0.08522689938545228 0.8212131924099393
9 0.46249995231628416 0.7328125 0.15355552434921266 0.1391407608985901 0.27482558356391057
9 0.3692812442779541 0.9303585052490234 0.17482664585113525 0.1434183955192566 0.2645104726155599
