9 0.4796874523162842 0.7375 0.0792111873626709 0.0792111873626709 0.24456982082790799
9 0.3910099983215332 0.6993984699249267 0.07759193181991578 0.08316117525100708 0.27796548207600913
9 0.30360243320465086 0.6624027729034424 0.07893890738487244 0.08180398941040039 0.3169235653347439
9 0.21085960865020753 0.6259064674377441 0.06591981053352355 0.08363797068595887 0.35434212154812283
9 0.63203125 0.5656250476837158 0.08058637380599976 0.07694405913352967 0.2675055397881402
9 0.5017102241516114 0.5106484889984131 0.08595169186592103 0.07967536449432373 0.30080091688368055
9 0.3735381603240967 0.4622382164001465 0.08705242276191712 0.08761332035064698 0.23375011020236544
9 0.24765625 0.4031250476837158 0.08765332102775573 0.07921119332313538 0.24434591929117838
9 0.6734375953674316 0.4484375 0.08009938001632691 0.09030174612998962 0.22581261528862848
9 0.5859375 0.4109375 0.0790090560913086 0.08441984057426452 0.26865673065185547
9 0.4968750476837158 0.37578125 0.08805861473083496 0.0859919011592865 0.2697160085042318
9 0.40832090377807617 0.3341869831085205 0.08315526843070983 0.08599429726600646 0.27447145250108507
9 0.3171875 0.29765625 0.08457478880882263 0.08664727210998535 0.27447145250108507
9 0.1853986859321594 0.23337821960449218 0.08414320945739746 0.08965603709220886 0.2422378963894314
9 0.22734375 0.13359375 0.08249895572662354 0.08532781600952148 0.2793865203857422
9 0.2731701612472534 0.02567543089389801 0.0815396785736084 0.08414266109466553 0.23994791242811414
9 0.7610649108886719 0.23911409378051757 0.13376624584198 0.13811085224151612 0.2450118170844184
9 0.67265625 0.2078125 0.13332215547561646 0.12582197189331054 0.2715994940863715
9 0.5945312023162842 0.14921872615814208 0.14136043787002564 0.14870084524154664 0.26216468811035154
9 0.5031250476837158 0.1328125 0.12740585803985596 0.1302722930908203 0.26078881157769096
9 0.4122761726379395 0.09737695455551147 0.13564538955688477 0.12660107612609864 0.2670476489596897
9 0.013479030132293702 0.08760579228401184 0.07693187594413757 0.08667251467704773 0.31268446180555554
