9 0.8167378425598144 0.8166650772094727 0.0812650203704834 0.09250092506408691 0.42190670437282984
9 0.6890625476837158 0.7500000476837159 0.13722407817840576 0.15170778036117555 0.9143123202853732
9 0.6523774623870849 0.5816289901733398 0.14117945432662965 0.1679143190383911 0.9435599433051215
9 0.9631856918334961 0.49723124504089355 0.0784679889678955 0.08948213458061219 0.8594161139594184
9 0.96640625 0.33515625 0.13785958290100098 0.15569782257080078 0.7972011990017361
9 0.9188993453979493 0.17884604930877684 0.1346287250518799 0.12128261327743531 0.7562390645345052
9 0.894869041442871 0.016870760917663576 0.13441133499145508 0.14131354093551635 0.3948630862765842
9 0.09545170068740845 0.8331613540649414 0.1587380051612854 0.14629549980163575 0.2306007809109158
9 0.14740173816680907 0.6905382633209228 0.14527050256729127 0.1388506293296814 0.2091634538438585
9 0.2796875238418579 0.3859375 0.1467018246650696 0.14115203619003297 0.2890753640068902
9 0.33203125 0.27734375 0.0854850172996521 0.07488222718238831 0.2531378428141276
9 0.33977460861206055 0.183770489692688 0.08907538652420044 0.07718179821968078 0.23745138380262587
