9 0.3171875238418579 0.9851563453674317 0.08457478880882263 0.08664727210998535 0.27447145250108507
9 0.18539870977401735 0.9208782196044922 0.08414320945739746 0.08965603709220886 0.2422378963894314
9 0.22734379768371582 0.82109375 0.08249895572662354 0.08532781600952148 0.2793865203857422
9 0.27317013740539553 0.7131755352020264 0.0815396785736084 0.08414266109466553 0.23994791242811414
9 0.7165996074676514 0.40554471015930177 0.14101508855819703 0.16771186590194703 0.2383082071940104
9 0.86015625 0.471875 0.1415936231613159 0.14534634351730347 0.24605753156873916
9 0.45398588180541993 0.043528693914413455 0.14777814149856566 0.16659590005874633 0.21998750898573133
9 0.3732460021972656 0.22647690773010254 0.1454804062843323 0.1713409900665283 0.2676383760240343
9 0.7610648155212403 0.9266139984130859 0.13376624584198 0.13811085224151612 0.2450118170844184
9 0.6726562023162842 0.8953124046325683 0.13332215547561646 0.12582197189331054 0.2715994940863715
9 0.59453125 0.83671875 0.14136043787002564 0.14870084524154664 0.26216468811035154
9 0.5031250476837158 0.8203124046325684 0.12740585803985596 0.1302722930908203 0.26078881157769096
9 0.4122761249542236 0.7848769664764405 0.13564538955688477 0.12660107612609864 0.2670476489596897
9 0.013479028642177582 0.7751058101654053 0.07693187594413757 0.08667251467704773 0.31268446180555554
9 0.08515624403953552 0.59453125 0.08455132246017456 0.07896114587783813 0.29516722361246744
9 0.1232460618019104 0.5066107749938965 0.08179991841316223 0.08667298555374145 0.3105663299560547
