9 0.971875 0.8929688453674316 0.14977188110351564 0.16530781984329224 0.2601345909966363
9 0.653334665298462 0.9862109184265136 0.0832902729511261 0.07776479721069336 0.24936392042371963
9 0.68984375 0.90078125 0.08421620726585388 0.07694364786148071 0.26865675184461807
9 0.72578125 0.81484375 0.0852101743221283 0.08009985685348511 0.22703143225775824
9 0.7661932468414306 0.7306890487670898 0.08211678266525269 0.07661656141281128 0.23548948499891492
9 0.8008651733398438 0.6443342685699462 0.08678452968597412 0.07980995774269103 0.2561255772908529
9 0.8359375 0.55625 0.0845917820930481 0.07956480979919434 0.2160003662109375
9 0.875 0.46953125 0.08961236476898193 0.07551511526107788 0.26511304643419054
9 0.9096526145935059 0.3849722146987915 0.08650381565093994 0.0835686206817627 0.22301695081922743
9 0.9516478538513183 0.29567909240722656 0.08822246193885804 0.08063998222351074 0.25480111440022785
9 0.9828125953674316 0.21015625 0.08907619714736939 0.08063166737556457 0.23994791242811414
