9 0.9188993453979493 0.8663460731506347 0.1346287250518799 0.12128261327743531 0.7562390645345052
9 0.8948691368103028 0.7043707370758057 0.13441133499145508 0.14131354093551635 0.3948630862765842
9 0.7937500953674317 0.5953125476837158 0.08245500326156616 0.09503288269042968 0.29516722361246744
9 0.6640963077545166 0.5327472686767578 0.14045881032943724 0.15027004480361938 0.3040912416246202
9 0.5289062976837158 0.49062504768371584 0.08391302824020386 0.09663334488868713 0.25776210361056856
9 0.6719977855682373 0.15865120887756348 0.0810845673084259 0.09156262874603271 0.2787066141764323
9 0.787750244140625 0.2135319709777832 0.08175079822540283 0.09156303405761719 0.2805906931559245
9 0.9146864891052247 0.2679039716720581 0.14363106489181518 0.14856040477752686 0.2486681620279948
9 0.33203125 0.96484375 0.0854850172996521 0.07488222718238831 0.2531378428141276
9 0.33977456092834474 0.8712705612182617 0.08907538652420044 0.07718179821968078 0.23745138380262587
