9 0.37430100440979003 0.6856934070587158 0.1452695608139038 0.15169129371643067 0.2069064458211263
9 0.2843749523162842 0.89296875 0.14977188110351564 0.16530781984329224 0.2601345909966363
9 0.0023437261581420897 0.9007813453674316 0.08421620726585388 0.07694364786148071 0.26865675184461807
9 0.038281261920928955 0.81484375 0.0852101743221283 0.08009985685348511 0.22703143225775824
9 0.07869325876235962 0.7306890487670898 0.08211678266525269 0.07661656141281128 0.23548948499891492
9 0.11336508989334107 0.6443342685699462 0.08678452968597412 0.07980995774269103 0.2561255772908529
9 0.1484375 0.5562499523162842 0.0845917820930481 0.07956480979919434 0.2160003662109375
9 0.18750001192092897 0.46953125 0.08961236476898193 0.07551511526107788 0.26511304643419054
9 0.22215256690979004 0.3849722146987915 0.08650381565093994 0.0835686206817627 0.22301695081922743
9 0.26414778232574465 0.29567914009094237 0.08822246193885804 0.08063998222351074 0.25480111440022785
9 0.2953124761581421 0.21015625 0.08907619714736939 0.08063166737556457 0.23994791242811414
9 0.3328125 0.12578125 0.08269410133361817 0.08643359541893006 0.24866818322075737
