9 0.46216716766357424 0.10457029342651367 0.1176138162612915 0.10079996585845948 0.21553124321831596
9 0.42122416496276854 0.22192754745483398 0.1128683090209961 0.1093858003616333 0.2438744439019097
9 0.36369776725769043 0.345943021774292 0.12680339813232422 0.10853183269500732 0.24952157338460287
9 0.8969072341918946 0.2514476776123047 0.13800489902496338 0.13306959867477416 0.17409067153930663
9 0.7773058414459229 0.29368982315063474 0.12007890939712525 0.11444703340530396 0.6417504204644098
9 0.6671875 0.375 0.11940679550170899 0.11202080249786377 0.6674276563856337
9 0.8417187690734863 0.5631249904632568 0.06638327240943909 0.06009432077407837 0.7048327975802952
9 0.7625000476837158 0.6250000476837159 0.06453609466552734 0.068001127243042 0.9263053894042969
9 0.5352711200714111 0.8031813621520996 0.12046576738357544 0.1297251343727112 0.10009448793199327
9 0.40390625 0.78046875 0.1088147759437561 0.121112060546875 0.23611672719319662
9 0.10624996423721314 0.95390625 0.06149565577507019 0.07911884188652038 0.3008008744981554
9 0.21348843574523926 0.9886306762695313 0.10271728038787842 0.12998833656311035 0.2849000506930881
