9 0.8765625 0.06406249403953553 0.10681074857711792 0.1182458758354187 0.9323496500651042
9 0.8842714309692383 0.18984498977661132 0.1125106692314148 0.12969692945480346 0.9923302544487848
9 0.9148758888244629 0.32223358154296877 0.1051064372062683 0.11458343267440796 0.9431410047743055
9 0.5953125 0.035156244039535524 0.11520347595214844 0.1062138557434082 0.2874039755927192
9 0.55 0.15390623807907106 0.12476589679718017 0.109027898311615 0.2808635499742296
9 0.4929687976837158 0.2742187738418579 0.11529724597930908 0.10830954313278199 0.29516722361246744
9 0.45103182792663576 0.39387001991271975 0.12300159931182861 0.11460565328598023 0.2843168258666992
9 0.3914062023162842 0.51796875 0.11260385513305664 0.10852826833724975 0.24721135033501518
9 0.3398437976837158 0.6484374523162841 0.11314952373504639 0.1093858003616333 0.2438744439019097
9 0.2917063236236572 0.758765459060669 0.11950055360794068 0.11320310831069946 0.2912375132242839
9 0.23741204738616944 0.8799629211425781 0.12273335456848145 0.10532790422439575 0.24073289235432943
9 0.19321751594543457 0.9962061882019043 0.1259558081626892 0.1132783055305481 0.270284186469184
9 0.6716226577758789 0.7013445854187011 0.12723947763442994 0.11470283269882202 0.26801090240478515
9 0.6196376800537109 0.81842041015625 0.07477177977561951 0.06360499858856201 0.2892176946004232
9 0.5979255676269531 0.9024515151977539 0.07572888135910034 0.06876530647277831 0.24223785400390624
9 0.5515624046325683 0.984375 0.06789485812187195 0.06035098433494568 0.24223785400390624
