9 0.9523436546325683 0.24296879768371582 0.05988221168518067 0.06682722568511963 0.9245669894748264
9 0.6241659164428711 0.01807824373245239 0.13949196338653563 0.12235738039016723 0.9500316196017795
9 0.649150037765503 0.15581936836242677 0.1091739296913147 0.12355303764343262 0.8993567572699652
9 0.6433840274810791 0.30175065994262695 0.10978717803955078 0.10422776937484741 0.27084965176052517
9 0.9367186546325683 0.4031250476837158 0.1250046968460083 0.10648548603057861 0.25565412309434676
9 0.96875 0.31328125 0.0609375 0.059375 1.0
9 0.6093749523162841 0.43671875 0.10533792972564697 0.10915207862854004 0.23375013139512804
9 0.8202510833740234 0.6329729080200195 0.061812251806259155 0.05743388533592224 0.23249446021185982
9 0.5617187023162842 0.5484374523162842 0.11001052856445312 0.10072847604751586 0.2746382395426432
9 0.49453129768371584 0.65703125 0.12544193267822265 0.11469928026199341 0.26300597720676
9 0.44304189682006834 0.775808572769165 0.12563436031341552 0.10826375484466552 0.22746978335910373
9 0.3914062261581421 0.896875 0.12355735301971435 0.11460565328598023 0.2843168258666992
