9 0.11250001192092896 0.5617187976837158 0.0686959445476532 0.07545503973960876 0.18808347913953993
9 0.22421875 0.6015625 0.11493839025497436 0.0989426851272583 0.2406220965915256
9 0.3234375238418579 0.6421875 0.0662127137184143 0.07395533323287964 0.2220345179239909
9 0.4324073791503906 0.8556541442871094 0.10694482326507568 0.10138205289840699 0.7267764621310764
9 0.45625 0.9921875 0.09748783111572265 0.11301109790802003 0.7643419901529948
9 0.2234375 0.30078127384185793 0.0684700608253479 0.0761104941368103 0.2892176946004232
9 0.3195894718170166 0.343606162071228 0.06731399297714233 0.07138317823410034 0.24484695858425565
9 0.4187915802001953 0.3882946491241455 0.1121532678604126 0.12304066419601441 0.19919912550184463
9 0.5539408206939698 0.4098935127258301 0.11182397603988647 0.11977355480194092 0.08328730795118544
9 0.33125 0.07578123807907104 0.1171030879020691 0.12402055263519288 0.20483277638753256
9 0.778125 0.24609375 0.07139799594879151 0.06482006311416626 0.8304986741807726
9 0.861875057220459 0.17453123331069947 0.07406975030899048 0.07337098121643067 0.7048327975802952
