9 0.7953015327453613 0.005497539043426513 0.13203816413879393 0.11868830919265747 0.23134326934814453
9 0.7396571159362793 0.12544670104980468 0.10709244012832642 0.11346160173416138 0.2520062340630425
9 0.5503035545349121 0.4983713150024414 0.12549387216567992 0.11120127439498902 0.21897754669189454
9 0.5544520854949951 0.08302924036979675 0.1143190622329712 0.11982892751693726 0.2406220965915256
9 0.4890625476837158 0.22187502384185792 0.12104811668395996 0.1317167639732361 0.25776212480333116
9 0.4416240692138672 0.3643025875091553 0.13521215915679932 0.1381111979484558 0.24357532925075956
9 0.3820312976837158 0.49140625 0.10870327949523925 0.12352645397186279 0.20483277638753256
9 0.3129375219345093 0.6273088455200195 0.12309975624084472 0.13073745965957642 0.27474795447455513
9 0.26171875 0.76875 0.11838915348052978 0.13412084579467773 0.2519037882486979
9 0.37691564559936525 0.9982769966125489 0.146850061416626 0.13148841857910157 0.22840050591362848
