9 0.26171875 0.08125 0.11838915348052978 0.13412084579467773 0.2519037882486979
9 0.3769156694412231 0.31077697277069094 0.146850061416626 0.13148841857910157 0.22840050591362848
9 0.5734375476837158 0.41015625 0.12418668270111084 0.1377130150794983 0.23686570061577691
9 0.7445312023162842 0.4726562023162842 0.15058504343032836 0.11868802309036255 0.2299494637383355
9 0.9003676414489746 0.5397128582000732 0.1294708251953125 0.12155096530914307 0.1951141145494249
9 0.084375 0.578125 0.12578507661819457 0.10774856805801392 0.19472853342692056
9 0.31357219219207766 0.6654246807098388 0.11983469724655152 0.13376991748809813 0.2468621571858724
9 0.547965145111084 0.7609853744506836 0.07223014235496521 0.06442352533340454 0.25370722876654733
9 0.7251468658447265 0.8379826545715332 0.09922797083854676 0.10341099500656128 0.2908365461561415
9 0.25232601165771484 0.9718747138977051 0.06876775622367859 0.07032985091209412 0.014466140005323622
