9 0.6250447273254395 0.04438135325908661 0.12062653303146362 0.1096990942955017 0.18467506832546657
9 0.5808009147644043 0.15840563774108887 0.12536081075668334 0.11899247169494628 0.2525525834825304
9 0.5164383888244629 0.26553940773010254 0.12508773803710938 0.10680004358291625 0.22840050591362848
9 0.4601562023162842 0.3859375 0.12358546257019043 0.10772219896316529 0.2074101765950521
9 0.41454143524169923 0.503288984298706 0.12056587934494019 0.11760944128036499 0.21005085839165583
9 0.3648437261581421 0.6242187023162842 0.13113023042678834 0.10869061946868896 0.1951141145494249
9 0.3155642509460449 0.749410343170166 0.12772423028945923 0.10386911630630494 0.16540297402275933
9 0.25781252384185793 0.871875 0.11780047416687012 0.11780047416687012 0.24223785400390624
9 0.14054707288742066 0.9726879119873046 0.12476528882980346 0.14507708549499512 0.7539424472384982
9 0.8328125 0.24375 0.07180821299552917 0.06442221999168396 0.25776210361056856
9 0.8953124046325683 0.13203125 0.12378325462341308 0.11521241664886475 0.23028399149576823
9 0.9523531913757324 0.018721002340316772 0.1363761305809021 0.12055673599243164 0.20221294826931424
