9 0.22343754768371582 0.9882813453674316 0.0684700608253479 0.0761104941368103 0.2892176946004232
9 0.3312500238418579 0.7632812976837158 0.1171030879020691 0.12402055263519288 0.20483277638753256
9 0.3781249523162842 0.6421875 0.11418588161468506 0.11118441820144653 0.17960552639431424
9 0.48171272277832033 0.41033334732055665 0.13551478385925292 0.12418286800384522 0.23269613054063584
9 0.5304687023162842 0.28203125 0.12523611783981323 0.10672910213470459 0.19472853342692056
9 0.5812772274017334 0.16709351539611816 0.11718733310699463 0.11225017309188842 0.17960552639431424
9 0.778125 0.93359375 0.07139799594879151 0.06482006311416626 0.8304986741807726
9 0.861875057220459 0.862031364440918 0.07406975030899048 0.07337098121643067 0.7048327975802952
9 0.5260948181152344 0.6790203094482422 0.10973155498504639 0.12161247730255127 0.2220345179239909
9 0.6859375 0.6749999523162842 0.11820523738861084 0.11550744771957397 0.663208728366428
9 0.9101519584655762 0.548456859588623 0.15354664325714112 0.12354669570922852 0.1383332888285319
9 0.9261236190795898 0.17117273807525635 0.12507811784744263 0.10118677616119384 0.14438462787204318
9 0.9828125 0.0007812798023223877 0.11259845495224 0.09882022738456726 0.20763723585340713
