9 0.7468750476837158 0.08203125 0.12526551485061646 0.11120988130569458 0.26300597720676
9 0.9921307563781738 0.23831605911254883 0.13184382915496826 0.14658381938934326 0.6501392364501953
9 0.9096782684326172 0.3271507501602173 0.0554851233959198 0.061956393718719485 0.639208984375
9 0.8625 0.6671875 0.11182081699371338 0.12871818542480468 0.08592886394924587
9 0.6251495361328125 0.5994937896728516 0.07362914085388184 0.0716879427433014 0.18288902706570095
9 0.539609432220459 0.5530468463897705 0.07411589026451111 0.06769251227378845 0.20483273400200738
9 0.42173166275024415 0.8132383346557617 0.08156489133834839 0.07512949109077453 0.18554715050591364
9 0.5313408851623536 0.8523754119873047 0.11466139554977417 0.10080193281173706 0.2131000730726454
9 0.6313281059265137 0.896640682220459 0.07411589026451111 0.07460999488830566 0.20483273400200738
9 0.7160627365112304 0.9823888778686524 0.114926016330719 0.10942543745040893 0.487009514702691
