9 0.71015625 0.04140625 0.06821511387825012 0.07328786849975585 0.2220345179239909
9 0.65859375 0.13515625 0.1116679072380066 0.11463254690170288 0.20483277638753256
9 0.6111718654632569 0.2524218797683716 0.11364433765411378 0.10524455308914185 0.20483277638753256
9 0.5607311248779296 0.4265035629272461 0.13650206327438355 0.1266292691230774 0.17717106077406142
9 0.2070312261581421 0.41953125 0.11710413694381713 0.11710413694381713 0.2075188954671224
9 0.1549696445465088 0.5334427356719971 0.125111722946167 0.12406879663467407 0.1870830323961046
9 0.05937500596046448 0.7695312976837159 0.12526551485061646 0.11120988130569458 0.26300597720676
9 0.5321484565734863 0.8000205039978028 0.15387256145477296 0.1253605842590332 0.11045080820719401
9 0.41869244575500486 0.8420889854431153 0.11843352317810059 0.11550744771957397 0.6632087707519532
9 0.304630708694458 0.9258160591125488 0.13184382915496826 0.14658381938934326 0.6501392364501953
