9 0.8732172012329101 0.01774212121963501 0.13665772676467897 0.12273335456848145 0.24073289235432943
9 0.8165369987487793 0.13407258987426757 0.14136083126068116 0.12678675651550292 0.25983577304416233
9 0.76328125 0.25390625 0.12690961360931396 0.11962018013000489 0.26704767015245223
9 0.7109374523162841 0.3812500238418579 0.12650494575500487 0.11431869268417358 0.2422378963894314
9 0.6584011554718018 0.5067636966705322 0.13057403564453124 0.12015005350112914 0.22840050591362848
9 0.6046875 0.615625 0.1246872067451477 0.114649498462677 0.19472853342692056
9 0.5546875 0.7406250953674316 0.1344759225845337 0.11613994836807251 0.1883923636542426
9 0.5103538036346436 0.8516759872436523 0.12750618457794188 0.11568833589553833 0.18307643466525608
9 0.9965624809265137 0.563437557220459 0.13933786153793334 0.12352645397186279 0.20483277638753256
9 0.9435184478759766 0.6788014888763427 0.07267169952392578 0.06853646039962769 0.2704565472073025
9 0.9061259269714356 0.7604219436645507 0.0792111873626709 0.07021132707595826 0.24456982082790799
9 0.8710269927978516 0.8462747573852539 0.06821507811546326 0.06381659507751465 0.22472065819634332
9 0.8374567031860352 0.9421710968017578 0.1320381999015808 0.1102752923965454 0.23104572296142578
