9 0.5226562976837158 0.08671876192092895 0.08066192865371705 0.08066192865371705 0.23994791242811414
9 0.48046875 0.19296875 0.08421620726585388 0.07694364786148071 0.26865675184461807
9 0.5845147609710694 0.23407564163208008 0.07759193181991578 0.07825268507003784 0.27796548207600913
9 0.44364223480224607 0.27917563915252686 0.07717961668968201 0.07572887539863586 0.242237917582194
9 0.5375000476837158 0.34296875 0.07551432251930237 0.0819276213645935 0.27870657179090713
9 0.4093750476837158 0.36328127384185793 0.0769307255744934 0.07488350868225098 0.2543394512600369
9 0.3718749761581421 0.44140625 0.07862520813941956 0.07662440538406372 0.22094626956515842
9 0.3351562023162842 0.5281249523162842 0.07956308126449585 0.07862520217895508 0.22094626956515842
9 0.4875000476837158 0.45234375 0.07901051640510559 0.08262073397636413 0.27359515296088327
9 0.44296875 0.5617187976837158 0.07345283627510071 0.078810715675354 0.26109515296088326
9 0.7241249084472656 0.2970734119415283 0.11742660999298096 0.12857375144958497 0.28125428093804256
9 0.8820313453674317 0.40390625 0.1350053071975708 0.14510612487792968 0.2704565472073025
