9 0.5192817687988281 0.03896574974060059 0.08268166184425355 0.05193990468978882 0.23548950619167752
9 0.9179670333862304 0.15157091617584229 0.13544238805770875 0.14218783378601074 0.12704089482625325
9 0.3890625715255737 0.3406250238418579 0.07831193804740906 0.08552488088607788 0.3160325368245443
9 0.5177591800689697 0.38329577445983887 0.13500529527664185 0.14136092662811278 0.2605340321858724
9 0.64375 0.44375 0.07609864473342895 0.08609368801116943 0.21214991675482855
9 0.7356046676635742 0.546480131149292 0.13287290334701538 0.1340566635131836 0.45273513793945314
9 0.7593750476837158 0.70390625 0.13054201602935792 0.11961972713470459 0.7321974012586806
9 0.80234375 0.8570311546325684 0.13643041849136353 0.14150772094726563 0.7773643493652344
9 0.20390625 0.70703125 0.0854850172996521 0.07488222718238831 0.2531378428141276
9 0.19785585403442382 0.7956661224365235 0.08665375709533692 0.07759193181991578 0.2779655032687717
