9 0.9530200958251953 0.2207035541534424 0.049607867002487184 0.04690103828907013 0.6668706681993273
9 0.97578125 0.2578125 0.05302281379699707 0.05739806294441223 0.4875188615587023
9 0.9499261856079102 0.4319785118103027 0.05376453399658203 0.04813378751277923 0.3948630862765842
9 0.95859375 0.48515625 0.0498288094997406 0.0498288094997406 0.4576214260525174
9 0.9046875 0.47890634536743165 0.026003074645996094 0.029812443256378173 0.3556153615315755
9 0.9109375 0.5007812023162842 0.0344104528427124 0.04666623175144195 0.4395518832736545
9 0.8372567176818848 0.6006515026092529 0.053125 0.04751838445663452 0.31191654205322267
9 0.813057804107666 0.41983609199523925 0.04687229096889496 0.030324187874794007 0.40282041761610243
9 0.8570311546325684 0.43515620231628416 0.029355841875076293 0.043554830551147464 0.2849000506930881
9 0.7921475410461426 0.45473814010620117 0.057833462953567505 0.03782411813735962 0.42544627719455297
9 0.74765625 0.52109375 0.0421875 0.0609375 1.0
9 0.746875 0.5937499523162841 0.05001440644264221 0.06201786398887634 0.4422840966118707
9 0.979359245300293 0.7411839008331299 0.058505141735076906 0.048531726002693176 0.37904972500271267
9 0.9398438453674316 0.80625 0.0510004997253418 0.048804304003715514 0.42955343458387585
