9 0.5000000476837159 0.059375011920928956 0.06380213499069214 0.06674337387084961 0.21940926445855036
9 0.9968749046325683 0.26875 0.10059235095977784 0.09646246433258057 0.268283822801378
9 0.1390625 0.2140625 0.06095752716064453 0.06095752716064453 0.01632000870174832
9 0.1445867657661438 0.392964768409729 0.06579219698905944 0.06590352058410645 0.954604254828559
9 0.1780997633934021 0.45761547088623045 0.06143625378608704 0.05833662152290344 0.9188249376085069
9 0.19062497615814208 0.5226562023162842 0.06165087819099426 0.06695418357849121 0.9096655103895399
9 0.14901294708251953 0.6074770927429199 0.0985441505908966 0.08948639035224915 0.27527936299641925
9 0.6357983589172364 0.9483758926391601 0.10486416816711426 0.09725173115730286 0.26528087192111544
9 0.959375 0.9671875 0.07342135906219482 0.06327586174011231 0.2220345179239909
9 0.6556763172149658 0.5190236091613769 0.11469606161117554 0.10375015735626221 0.5868366241455079
9 0.4304687023162842 0.7250000476837158 0.13233227729797364 0.10648131370544434 0.25776212480333116
