9 0.5664062976837159 0.1234375 0.13049521446228027 0.12856180667877198 0.17822159661187065
9 0.5578056335449219 0.24914586544036865 0.13339943885803224 0.13184381723403932 0.9402587890625
9 0.8265625 0.2140625 0.06095752716064453 0.06095752716064453 0.01632000870174832
9 0.8320867538452148 0.3929647445678711 0.06579219698905944 0.06590352058410645 0.954604254828559
9 0.8655997276306152 0.45761547088623045 0.06143625378608704 0.05833662152290344 0.9188249376085069
9 0.878125 0.5226562023162842 0.06165087819099426 0.06695418357849121 0.9096655103895399
9 0.8365129470825196 0.6074770927429199 0.0985441505908966 0.08948639035224915 0.27527936299641925
9 0.5765550613403321 0.37023701667785647 0.12858161926269532 0.12873332500457763 0.9380867004394531
9 0.5648437976837158 0.5132812976837158 0.12576115131378174 0.12298988103866577 0.30583580864800347
9 0.5287124633789062 0.6340856075286865 0.1465216875076294 0.11083842515945434 0.23890484703911674
9 0.484375 0.7398437976837158 0.14242788553237914 0.09807692766189575 0.2513318379720052
9 0.38386557102203367 0.9552713394165039 0.1340566635131836 0.10096591711044312 0.2353483412000868
9 0.434375 0.8429688453674317 0.13184436559677123 0.10332543849945068 0.22397346496582032
