9 0.9971904754638672 0.10488817691802979 0.10422681570053101 0.09868521094322205 0.7409143235948351
9 0.7931235313415528 0.28211369514465334 0.1054235577583313 0.11977355480194092 0.9167126973470052
9 0.8039061546325683 0.39765625 0.09788954854011536 0.12347769737243652 0.9108084784613715
9 0.8249903678894043 0.5273448467254639 0.11319220066070557 0.1259632110595703 0.9286801656087239
9 0.5668631076812745 0.10299966335296631 0.07370297908782959 0.05889613628387451 0.23471912807888454
9 0.5601562976837158 0.17421875 0.06059648394584656 0.05541868209838867 0.2361167483859592
9 0.5302079677581787 0.2577018737792969 0.11202155351638794 0.09868356585502625 0.255430179172092
9 0.48359375 0.365625 0.11292273998260498 0.10423136949539184 0.2635599560207791
9 0.43962526321411133 0.4833167552947998 0.1204291820526123 0.10217363834381103 0.2603187984890408
9 0.38971915245056155 0.5901297569274903 0.10566244125366211 0.10503859519958496 0.26147054036458334
9 0.290625 0.8296875953674316 0.12274789810180664 0.11263594627380372 0.2695698632134332
9 0.2437499761581421 0.9351564407348633 0.12526551485061646 0.11120988130569458 0.26300597720676
9 0.5546874523162841 0.98984375 0.05978745222091675 0.061810034513473514 0.2361167483859592
9 0.604413652420044 0.8775398254394531 0.1256428599357605 0.10679450035095214 0.23488695356580946
