9 0.08671875 0.0484375 0.05240404009819031 0.05863359570503235 0.30283696916368275
9 0.19374998807907104 0.10234375 0.09663416147232055 0.11044222116470337 0.25063605838351777
9 0.5017477512359619 0.22314801216125488 0.060797113180160525 0.0671017050743103 0.2878500832451714
9 0.142929744720459 0.3773447751998901 0.059395498037338255 0.06251952052116394 0.9840877956814236
9 0.146875 0.5578125 0.06408154368400573 0.06408154368400573 0.9844757927788629
9 0.17967894077301025 0.6186686515808105 0.059539467096328735 0.05970304012298584 0.9332332187228732
9 0.1890625 0.6859375 0.06257743239402772 0.06910478472709655 0.9710827297634549
9 0.14747426509857178 0.7637280464172364 0.10590035915374756 0.09110861420631408 0.24629272884792752
9 0.4317466259002686 0.894497299194336 0.1314818501472473 0.105338454246521 0.23171621958414715
9 0.6533200740814209 0.6846319675445557 0.1068842053413391 0.10375003814697266 0.5865786658393012
9 0.9960936546325684 0.43203125 0.08665776252746582 0.09899497032165527 0.28162415822347003
