9 0.14747426509857178 0.07622793912887574 0.10590035915374756 0.09110861420631408 0.24629272884792752
9 0.4317466259002686 0.20699720382690429 0.1314818501472473 0.105338454246521 0.23171621958414715
9 0.6351562976837158 0.42031254768371584 0.10518844127655029 0.10132105350494384 0.22284550136990017
9 0.5078125476837159 0.75625 0.10367020368576049 0.09314675331115722 0.24761765797932941
9 0.4609375 0.87109375 0.11920162439346313 0.10360898971557617 0.25776212480333116
9 0.4080233573913574 0.9768305778503418 0.10011584758758545 0.09459255933761597 0.24809616936577691
9 0.9578914642333984 0.4411970615386963 0.07662625312805176 0.06075935959815979 0.18430374993218315
9 0.9377476692199707 0.5180830955505371 0.06776956915855407 0.06362263560295105 0.2752793206108941
9 0.88359375 0.60390625 0.12358666658401489 0.09725112318992615 0.26624991099039713
9 0.8328557014465332 0.7140789031982422 0.1320381999015808 0.1102752923965454 0.23104572296142578
9 0.7921875476837158 0.8796875 0.12374531030654908 0.10914970636367798 0.26624988979763453
