9 0.47499995231628417 0.05468748807907105 0.06269676685333252 0.05783169269561768 0.5679500579833985
9 0.7216107368469238 0.14663867950439452 0.07267675399780274 0.06013088822364807 0.7270314534505208
9 0.6445312023162841 0.2125 0.07362316250801086 0.05856387615203858 0.8903798421223958
9 0.12968748807907104 0.26171875 0.06035098433494568 0.05948053598403931 0.2422378963894314
9 0.2109375 0.3125 0.05980507731437683 0.06485796570777894 0.21940930684407553
9 0.30728650093078613 0.35448393821716306 0.10387982130050659 0.10679409503936768 0.2351250966389974
9 0.4304687023162842 0.37265625 0.10509191751480103 0.11360404491424561 0.13438618977864583
9 0.12163606882095337 0.5471246719360352 0.10836588144302368 0.11469662189483643 0.2746382395426432
9 0.215625 0.5953125 0.05522037148475647 0.07426415085792541 0.27715451982286243
9 0.2914062261581421 0.6726562976837158 0.09953407049179078 0.11101536750793457 0.47454876369900173
9 0.309690523147583 0.7923882007598877 0.10422681570053101 0.09868521094322205 0.7409143235948351
9 0.3416423797607422 0.9091533660888672 0.10853471755981445 0.11141397953033447 0.7458481682671441
9 0.10562350749969482 0.9696137428283691 0.1054235577583313 0.11977355480194092 0.9167126973470052
