9 0.6288676261901855 0.006855958700180053 0.1088043212890625 0.1216840147972107 0.8617826673719619
9 0.6906250953674317 0.07812498807907105 0.0937480866909027 0.09872409701347351 0.4137204064263238
9 0.78984375 0.11015625 0.10327885150909424 0.09376289844512939 0.009645016988118489
9 0.8796875953674317 0.06406247615814209 0.10791747570037842 0.0972488284111023 0.7422378540039063
9 0.9781250953674316 0.014843714237213135 0.1056046724319458 0.10204211473464966 0.7174791971842448
9 0.060937488079071046 0.7078125 0.10938584804534912 0.12154430150985718 0.24376087188720702
9 0.00390625 0.834375 0.10793648958206177 0.1216046929359436 0.24376087188720702
9 0.326055908203125 0.7602691173553466 0.12391269207000732 0.12331876754760743 0.24822940826416015
9 0.4531250476837158 0.8218750953674316 0.10687702894210815 0.10271298885345459 0.2825208028157552
9 0.562127161026001 0.868166446685791 0.10761984586715698 0.12368115186691284 0.2868999269273546
