10 0.0526788592338562 0.17382415533065795 0.031014740467071533 0.029833975434303283 0.545395745171441
5 0.72734375 0.31953125 0.0515625 0.0515625 1.0
5 0.8374999046325684 0.41171875 0.048462671041488645 0.05007321238517761 0.01988789505428738
5 0.75234375 0.4765625 0.05625 0.0609375 1.0
5 0.8875 0.47578125 0.0546875 0.053125 1.0
1 0.8140625 0.690625 0.034375 0.021875 1.0
1 0.86171875 0.68828125 0.0328125 0.0203125 1.0
1 0.86015625 0.58046875 0.0421875 0.0234375 1.0
1 0.76484375 0.690625 0.0375 0.0203125 1.0
1 0.7101562023162842 0.6890625 0.03658228814601898 0.021922223269939423 0.9723382737901476
1 0.81328125 0.81015625 0.020370543003082275 0.03479967415332794 0.057715882195366754
1 0.8609375 0.80859375 0.0296875 0.01875 1.0
1 0.84609375 0.903125 0.021852436661720275 0.035403785109519956 0.02891735765669081
1 0.89765625 0.90234375 0.021923385560512543 0.034978088736534116 0.02891735765669081
