5 0.04140625 0.8046875 0.05 0.0515625 1.0
5 0.04375000298023224 0.7445312023162842 0.053147953748703 0.054754436016082764 0.9818157619900174
5 0.04375 0.61953125 0.0515625 0.05625 1.0
1 0.1265625 0.003125 0.034375 0.021875 1.0
1 0.17421875 0.00078125 0.0328125 0.0203125 1.0
1 0.07734375 0.003125 0.0375 0.0203125 1.0
1 0.02265625 0.0015625014901161193 0.03658228814601898 0.021922223269939423 0.9723382737901476
1 0.12578125 0.12265626192092896 0.020370543003082275 0.03479967415332794 0.057715882195366754
1 0.1734375 0.12109375 0.0296875 0.01875 1.0
1 0.15859375 0.215625 0.021852436661720275 0.035403785109519956 0.02891735765669081
1 0.21015625 0.21484375 0.021923385560512543 0.034978088736534116 0.02891735765669081
