5 0.54375 0.96640625 0.0515625 0.0625 1.0
5 0.544528865814209 0.9047307968139648 0.05789682865142822 0.05633673667907715 0.035331445270114475
5 0.7062500953674317 0.07109375 0.057920366525650024 0.05319128632545471 0.017679337660471597
5 0.559375 0.0703125 0.053125 0.053125 1.0
1 0.57578125 0.1734375 0.0375 0.0234375 1.0
1 0.621875 0.17265625 0.0359375 0.028125 1.0
1 0.67265625 0.17421875 0.0359375 0.0265625 1.0
1 0.67421875 0.2875 0.040625 0.0265625 1.0
1 0.62421875 0.2890625 0.042736902832984924 0.02816356122493744 0.9764322068956163
1 0.57734375 0.28515625 0.0421875 0.0296875 1.0
1 0.62421875 0.3984375 0.046875 0.0265625 1.0
1 0.70859375 0.49453125 0.0453125 0.0265625 1.0
