9 0.7909664630889892 0.007617956399917603 0.08884294033050537 0.09439389705657959 0.26511304643419054
9 0.6406250476837159 0.09062497019767761 0.12418656349182129 0.1293673038482666 0.23651561737060547
9 0.62890625 0.2148437738418579 0.13233412504196168 0.12889400720596314 0.9320499844021267
9 0.6582155227661133 0.3413446664810181 0.09812360405921935 0.11380535364151001 0.9034850226508246
9 0.6398437023162842 0.47812495231628416 0.12717642784118652 0.12926503419876098 0.2882477230495877
9 0.9031249046325683 0.17968748807907103 0.056596165895462035 0.056596165895462035 0.07044657601250542
9 0.91015625 0.2710937738418579 0.05814849138259888 0.06157602667808533 0.9349332173665365
9 0.90703125 0.3640625 0.05643726587295532 0.06374456882476806 0.9365489535861545
9 0.9407007217407226 0.4247786045074463 0.058337992429733275 0.06164408922195434 0.9144883897569445
9 0.95234375 0.48671879768371584 0.05577053427696228 0.06373774409294128 0.8743341233995225
9 0.8687500953674316 0.684375 0.12218846082687378 0.10648714303970337 0.24376089307996962
9 0.6187500953674316 0.6093750476837159 0.11013181209564209 0.10072922706604004 0.2541518529256185
9 0.5679462909698486 0.7133360862731933 0.12476450204849243 0.10359909534454345 0.24761765797932941
9 0.5054338455200196 0.8109228134155273 0.12884705066680907 0.10853469371795654 0.2537072711520725
9 0.463851261138916 0.9293773651123047 0.12374924421310425 0.09931405782699584 0.268283822801378
