9 0.1034664511680603 0.007617980241775513 0.08884294033050537 0.09439389705657959 0.26511304643419054
9 0.21562497615814208 0.1796875 0.056596165895462035 0.056596165895462035 0.07044657601250542
9 0.22265625 0.27109375 0.05814849138259888 0.06157602667808533 0.9349332173665365
9 0.21953122615814208 0.3640625 0.05643726587295532 0.06374456882476806 0.9365489535861545
9 0.25320067405700686 0.4247786521911621 0.058337992429733275 0.06164408922195434 0.9144883897569445
9 0.26484375 0.48671875 0.05577053427696228 0.06373774409294128 0.8743341233995225
9 0.5759253025054931 0.02623410224914551 0.08175922632217407 0.08596961498260498 0.2897261725531684
9 0.18124996423721312 0.684375 0.12218846082687378 0.10648714303970337 0.24376089307996962
9 0.5098575592041016 0.6971066474914551 0.12998833656311035 0.10694317817687989 0.2849000718858507
9 0.7273437023162842 0.48671875 0.11290079355239868 0.09718946814537048 0.5938613891601563
