9 0.271875 0.221875 0.1085347056388855 0.12049500942230225 0.2545085695054796
9 0.37890625 0.2710937261581421 0.10735697746276855 0.11491701602935792 0.2406220965915256
9 0.49921875 0.32421875 0.1005477786064148 0.10947544574737549 0.49356969197591144
9 0.043229293823242185 0.6751987934112549 0.06219325065612793 0.06504579782485961 0.26780261993408205
9 0.11031012535095215 0.704755449295044 0.058696013689041135 0.0664745032787323 0.2645104938083225
9 0.17723122835159302 0.7323055744171143 0.06586636900901795 0.0664594292640686 0.2478467305501302
9 0.2460937738418579 0.7625 0.05949100852012634 0.06679302453994751 0.2478467305501302
9 0.055916428565979004 0.48421611785888674 0.10902847051620483 0.11111096143722535 0.2829260720147027
9 0.11200273036956787 0.5259036064147949 0.09930369257926941 0.09868521094322205 0.25908565521240234
9 0.18255312442779542 0.5396438598632812 0.10835840702056884 0.11121225357055664 0.2671580420600043
9 0.240625 0.578125 0.09931404590606689 0.09931405782699584 0.2682837804158529
9 0.3098268508911133 0.5968224048614502 0.1021611213684082 0.12517565488815308 0.270284186469184
9 0.08975989818572998 0.8690704345703125 0.06362271904945374 0.05947842597961426 0.27418736351860895
9 0.184375 0.90859375 0.06155193448066711 0.05948125720024109 0.27296856774224176
9 0.03671874701976776 0.94375 0.05872771739959717 0.06796988248825073 0.30842821333143444
9 0.1015625238418579 0.97265625 0.062221688032150266 0.06433285474777221 0.309156608581543
