9 0.1796875 0.771875 0.10059599876403809 0.11812158823013305 0.9323496500651042
9 0.1904941439628601 0.8921041488647461 0.11027528047561645 0.12422362565994263 0.9188249376085069
9 0.4156783103942871 0.8314833641052246 0.05609787106513977 0.061015695333480835 0.8569444444444444
9 0.41640629768371584 0.7125000953674316 0.10620615482330323 0.10694643259048461 0.7174791971842448
9 0.38671882152557374 0.5953125 0.1010862946510315 0.09227389097213745 0.6781370798746745
9 0.36562495231628417 0.4757812023162842 0.09908016324043274 0.10702849626541137 0.42083316379123265
9 0.29379916191101074 0.39674055576324463 0.058337283134460446 0.0682152509689331 0.22328035566541884
9 0.19843752384185792 0.3515625 0.10073645114898681 0.1108323335647583 0.27084967295328777
9 0.09824849963188172 0.31915786266326907 0.05380241274833679 0.07060701251029969 0.2762632793850369
9 0.2875 0.11171875 0.05889976620674133 0.07248422503471375 0.2396812015109592
9 0.38197457790374756 0.15559773445129393 0.10566186904907227 0.1132695198059082 0.2635599560207791
9 0.7211812019348145 0.018450003862380982 0.0698771357536316 0.05576195120811463 0.8855016920301649
