9 0.63125 0.96328125 0.06413940191268921 0.06035299897193909 0.2393441942003038
9 0.6609375953674317 0.9 0.07006909847259521 0.058065229654312135 0.26336275736490883
9 0.6860297679901123 0.8367536544799805 0.06236557960510254 0.05833690166473389 0.23028397030300565
9 0.7132812976837158 0.7718750476837158 0.06594050526618958 0.057452380657196045 0.2478467305501302
9 0.7396343231201172 0.7085132598876953 0.06528931856155396 0.053398138284683226 0.23375011020236544
9 0.7663721561431884 0.6429521083831787 0.06429075002670288 0.057303452491760255 0.2882476806640625
9 0.7944461822509765 0.580669355392456 0.06298487782478332 0.05601077675819397 0.255430179172092
9 0.8216151237487793 0.5186330318450928 0.06853659152984619 0.05457279682159424 0.2691971672905816
9 0.8518569946289063 0.9349570274353027 0.11142061948776245 0.12535641193389893 0.24721135033501518
9 0.9201431274414062 0.780872917175293 0.10709322690963745 0.12536081075668334 0.2525525834825304
9 0.9148436546325683 0.3515625 0.13711756467819214 0.12090979814529419 0.2886043548583984
9 0.7843750476837158 0.2976562976837158 0.13532088994979857 0.12167965173721314 0.2752793206108941
9 0.6544466972351074 0.24824223518371583 0.13462315797805785 0.12331876754760743 0.24822940826416015
9 0.5265625476837158 0.19453122615814208 0.12944291830062865 0.12564246654510497 0.23651561737060547
