9 0.5470857143402099 0.07408707141876221 0.04769990146160126 0.04504990577697754 0.6443846384684245
9 0.5659346580505371 0.11271786689758301 0.05158616900444031 0.04723210334777832 0.3903799268934462
9 0.7077218055725097 0.11762838363647461 0.04851304292678833 0.04509096145629883 0.8340953403049045
9 0.636590051651001 0.17832719087600707 0.05762215256690979 0.0594864010810852 0.860791015625
9 0.54765625 0.28671875 0.05223171710968018 0.04688929319381714 0.3473748101128472
9 0.5421875476837158 0.3296875 0.049410578608512876 0.04941058158874512 0.3855017344156901
9 0.4968749523162842 0.3328124523162842 0.02860172986984253 0.026001572608947754 0.3743340810139974
9 0.7078125 0.40078125 0.04769440293312073 0.04983517229557037 0.340562989976671
9 0.45 0.2843750238418579 0.045953139662742615 0.04848918318748474 0.397265370686849
9 0.36875 0.4109375 0.04244711995124817 0.04244711995124817 0.929553476969401
9 0.3467066287994385 0.4389523983001709 0.04939327836036682 0.04637535810470581 0.36865013970269095
9 0.437968111038208 0.45596604347229003 0.05465254783630371 0.04985330402851105 0.3577303992377387
9 0.40839476585388185 0.4787956714630127 0.03293265700340271 0.023068036139011382 0.32282897101508246
9 0.39218754768371583 0.5117187976837159 0.04377542436122894 0.047703328728675845 0.3801744672987196
9 0.43984370231628417 0.5046875476837158 0.045339193940162656 0.05017082095146179 0.9801121181911893
9 0.41953125 0.5351562023162841 0.05333171486854553 0.046900674700737 0.01871871550877889
9 0.5796875476837158 0.59453125 0.059790503978729245 0.05763738751411438 0.35561540391710067
9 0.5383446693420411 0.6608304023742676 0.05252358913421631 0.049038609862327574 0.340562989976671
9 0.0016665559262037278 0.6490383148193359 0.041279160976409913 0.04768185317516327 0.3331293318006727
9 0.05059093236923218 0.6756747245788575 0.04553390741348266 0.05175051689147949 0.32498692406548396
9 0.08671873807907104 0.6749999523162842 0.05275658369064331 0.0490380585193634 0.33754583994547527
9 0.09375001192092895 0.7179687976837158 0.0506858229637146 0.04853107333183289 0.3577303992377387
