9 0.51640625 0.2171875 0.05288000106811523 0.0441841721534729 0.07679140832689073
9 0.57734375 0.23125 0.057113814353942874 0.047105953097343445 0.07044657071431477
9 0.6414063453674317 0.24296877384185792 0.051089102029800416 0.04751912951469421 0.09867399003770616
9 0.7031250476837159 0.25625 0.05638338923454285 0.04290040731430054 0.1256659189860026
9 0.58203125 0.37656254768371583 0.04136840403079987 0.04318929612636566 0.11657196680704753
9 0.6765624523162842 0.3937499761581421 0.04507806003093719 0.038006991147994995 0.09033447901407878
9 0.7679687976837158 0.42578125 0.07231782674789429 0.06680206060409546 0.1256659189860026
9 0.8609375 0.44609375 0.07597228288650512 0.06406014561653137 0.14636170069376628
9 0.70390625 0.5703125476837159 0.04819711446762085 0.0362255722284317 0.0634510358174642
9 0.747976016998291 0.7385673999786377 0.11950826644897461 0.10406413078308105 0.4646685706244575
