9 0.03399146795272827 0.2501796245574951 0.10629594326019287 0.1196173906326294 0.2700505362616645
9 0.3445249319076538 0.37970585823059083 0.05929086804389953 0.06325915455818176 0.20984539455837672
9 0.019531255960464476 0.77578125 0.05524137020111084 0.06358551979064941 0.9052136739095052
9 0.032812494039535525 0.8421874046325684 0.05970222949981689 0.06312267184257507 0.9365489535861545
9 0.8960198402404785 0.2447046756744385 0.12043358087539673 0.10360918045043946 0.25650149451361764
9 0.933551025390625 0.6327945232391358 0.10565261840820313 0.11838855743408203 0.2527886072794596
9 0.8382813453674316 0.5882812976837158 0.08907206654548645 0.09196610450744629 0.24629272884792752
9 0.5620182991027832 0.6516633987426758 0.14675027132034302 0.10574138164520264 0.20697625478108725
9 0.7312499046325683 0.99296875 0.10398590564727783 0.09807682037353516 0.6576032426622179
9 0.49015092849731445 0.8378219604492188 0.11788814067840576 0.10010980367660523 0.6201541900634766
9 0.4020207405090332 0.9034371376037598 0.11571997404098511 0.09753389954566956 0.6161293029785156
