9 0.4379575252532959 0.07837231159210205 0.13143588304519654 0.1426551103591919 0.31547800699869794
9 0.81015625 0.24140627384185792 0.12892284393310546 0.11694765090942383 0.25370722876654733
9 0.9801397323608398 0.31582815647125245 0.11819360256195069 0.1083613395690918 0.2688134511311849
9 0.7873387813568116 0.6331779956817627 0.06012557744979859 0.058065325021743774 0.2645104938083225
9 0.36498870849609377 0.46256446838378906 0.10772186517715454 0.11613020896911622 0.26624988979763453
9 0.2564062595367432 0.40203132629394533 0.052407842874526975 0.049612757563591 0.29516722361246744
9 0.146875 0.36484375 0.12018241882324218 0.11809868812561035 0.2839996337890625
9 0.31015620231628416 0.7617187976837159 0.06373520493507386 0.06921245455741883 0.13134987089369032
9 0.3117401599884033 0.9650471687316895 0.05970304012298584 0.07074401378631592 0.9332332187228732
9 0.02109372615814209 0.6648437976837158 0.13557779788970947 0.14266750812530518 0.30452859666612414
9 0.00997675657272339 0.7991845607757568 0.14405033588409424 0.13772175312042237 0.9638671875
9 0.032031261920928956 0.93828125 0.12547651529312134 0.13222397565841676 0.947070566813151
