9 0.94296875 0.35078125 0.0686078429222107 0.06632803678512574 0.47947099473741317
9 0.7727897644042969 0.4892786979675293 0.06326245069503784 0.06592119932174682 0.6477618323432075
9 0.67890625 0.5390625 0.06678830981254577 0.06284874677658081 0.6173445807562934
9 0.62421875 0.64140625 0.11676208972930908 0.11112182140350342 0.30283696916368275
9 0.5685468196868897 0.7643476963043213 0.13067209720611572 0.11040054559707642 0.29176290300157337
9 0.31015625 0.07421875 0.06373520493507386 0.06921245455741883 0.13134987089369032
9 0.3117401599884033 0.2775470972061157 0.05970304012298584 0.07074401378631592 0.9332332187228732
9 0.34529547691345214 0.3430668592453003 0.06251952052116394 0.07036863565444947 0.9840877956814236
9 0.3593930721282959 0.4149028301239014 0.06724461317062377 0.06251952052116394 0.01591218047671848
9 0.009976744651794434 0.11168456077575684 0.14405033588409424 0.13772175312042237 0.9638671875
9 0.032031261920928956 0.25078125 0.12547651529312134 0.13222397565841676 0.947070566813151
9 0.024218736588954924 0.3968750238418579 0.1325955271720886 0.1500617265701294 0.2323108885023329
9 0.8289061546325683 0.87109375 0.07643526792526245 0.06220580935478211 0.283487425910102
