5 0.3727115154266357 0.9978565216064453 0.047420534491539004 0.04700502455234527 0.8286426120334202
5 0.4259963512420654 0.9827479362487793 0.04744233787059784 0.04893893599510193 0.8144528706868489
5 0.29681284427642823 0.8826011657714844 0.05581602454185486 0.055375140905380246 0.8178939819335938
5 0.3523437261581421 0.86640625 0.054149818420410153 0.04399955868721008 0.8126844618055555
5 0.40701608657836913 0.8538572311401367 0.047444453835487364 0.04250446557998657 0.8084281921386719
2 0.353125 0.6640625 0.05048742890357971 0.04385973215103149 0.9602629767523871
2 0.3656250238418579 0.5984375 0.045741477608680726 0.05683293342590332 0.9121426052517361
2 0.17500001192092896 0.14375001192092896 0.04508720636367798 0.05701180100440979 0.8569444444444444
9 0.30390625 0.1125 0.05173516869544983 0.046264103055000304 0.8820038689507379
1 0.16093751192092895 0.01249999850988388 0.024987199902534486 0.021889613568782808 0.9156150817871094
