9 0.4135697841644287 0.9856069564819336 0.11068065166473388 0.1140625 0.45680101182725696
9 0.3375 0.89921875 0.06286424398422241 0.07587859034538269 0.27715449863009983
9 0.5671349048614502 0.6624855518341064 0.11224005222320557 0.1247063159942627 0.1710616641574436
9 0.32793996334075926 0.5981351852416992 0.06237425208091736 0.07370297908782959 0.23471910688612196
9 0.2382812738418579 0.5546875 0.06383342742919922 0.0722814679145813 0.2396812015109592
9 0.3953125238418579 0.2078125 0.12619600296020508 0.11393340826034545 0.27748790317111544
9 0.9664063453674316 0.58671875 0.061395812034606936 0.06662254929542541 0.16687065760294598
9 0.78984375 0.4914062023162842 0.05798118114471436 0.05798118114471436 0.8440417819552951
9 0.87109375 0.42265625 0.06594083905220031 0.05873377919197083 0.6845219930013021
9 0.925 0.11484375 0.14117138385772704 0.12818154096603393 0.09932850731743706
