9 0.9109375953674317 0.08906251192092896 0.1304196834564209 0.11838958263397217 0.25074454413519964
9 0.75 0.0234375 0.12932802438735963 0.11810203790664672 0.2986460155910916
9 0.3168529748916626 0.23432817459106445 0.10550693273544312 0.13492801189422607 0.3149521509806315
9 0.5560461521148682 0.33585124015808104 0.08822246193885804 0.09519614577293396 0.25480111440022785
9 0.09971418380737304 0.1486661434173584 0.1118579626083374 0.12440787553787232 0.27527938418918185
9 0.25308737754821775 0.5368860721588135 0.06253809928894043 0.06406249403953553 0.14089315202501085
9 0.25781252384185793 0.7289062976837158 0.06101717352867127 0.06592232584953309 0.9697076585557726
9 0.2921874761581421 0.79921875 0.06726009249687195 0.06889193654060363 0.9710827297634549
9 0.70859375 0.934375 0.10662733316421509 0.11057486534118652 0.6156411912706163
9 0.8764875411987305 0.8008536338806153 0.07073978185653687 0.059651517868041994 0.5120102352566189
