9 0.3866443395614624 0.12262592315673829 0.046143832802772525 0.06731319427490234 0.24629272884792752
9 0.3225390911102295 0.09481825828552246 0.04903803467750549 0.08355065584182739 0.24670533074273004
9 0.24508264064788818 0.06271765828132629 0.06383342742919922 0.06934093236923218 0.2393441942003038
9 0.1812500238418579 0.3140624761581421 0.053394627571105954 0.07794097065925598 0.23745138380262587
9 0.24468414783477782 0.3325360298156738 0.04267656207084656 0.07059367299079895 0.2638832728068034
9 0.10156251192092895 0.2921875 0.05450858473777771 0.09861098527908325 0.30419669681125217
9 0.03301704525947571 0.26834876537323 0.06359716057777405 0.08944544792175294 0.300140741136339
9 0.1796875 0.04609375 0.04555397629737854 0.06957973837852478 0.34649969736735026
9 0.11855164766311646 0.009715023636817931 0.044763538241386416 0.06512082219123841 0.33618267907036675
9 0.06340684294700623 0.07896296977996826 0.053147971630096436 0.04616570174694061 0.2700505362616645
9 0.1625 0.13046875 0.03804713785648346 0.04192829728126526 0.21998750898573133
9 0.3571750640869141 0.20519015789031983 0.06149577498435974 0.055225265026092527 0.30332857767740884
9 0.253125 0.16640625 0.05380750298500061 0.06271654963493348 0.2808635923597548
