9 0.9325826644897461 0.06271768808364868 0.06383342742919922 0.06934093236923218 0.2393441942003038
9 0.86875 0.3140624761581421 0.053394627571105954 0.07794097065925598 0.23745138380262587
9 0.9321841239929199 0.3325360298156738 0.04267656207084656 0.07059367299079895 0.2638832728068034
9 0.7890625 0.2921875 0.05450858473777771 0.09861098527908325 0.30419669681125217
9 0.7205171108245849 0.26834878921508787 0.06359716057777405 0.08944544792175294 0.300140741136339
9 0.8671875 0.04609377980232239 0.04555397629737854 0.06957973837852478 0.34649969736735026
9 0.8060517311096191 0.009715020656585693 0.044763538241386416 0.06512082219123841 0.33618267907036675
9 0.7509068489074707 0.07896296381950378 0.053147971630096436 0.04616570174694061 0.2700505362616645
9 0.8499999046325684 0.13046875 0.03804713785648346 0.04192829728126526 0.21998750898573133
9 0.9406250953674317 0.16640625 0.05380750298500061 0.06271654963493348 0.2808635923597548
