1 0.9492186546325684 0.6242186546325683 0.04074479341506958 0.07251763939857483 0.6371009826660157
1 0.921875 0.5617187023162842 0.04074031412601471 0.07169058918952942 0.6295477125379775
1 0.87734375 0.5078125 0.04074347615242004 0.06926391124725342 0.6336732652452257
1 0.7445312976837158 0.765625 0.03814542293548584 0.07072796821594238 0.6100464714898004
1 0.7011417388916016 0.715384578704834 0.029468446969985962 0.07323775291442872 0.6256658766004775
1 0.6710937976837158 0.6523437976837159 0.04247917830944061 0.07124185562133789 0.6217118581136067
1 0.4703125 0.7882812023162842 0.03943571746349335 0.0788714349269867 0.6256659613715277
1 0.5019295692443848 0.8458368301391601 0.03942553699016571 0.07629097104072571 0.6111997392442491
1 0.541637659072876 0.9019019126892089 0.04160476624965668 0.07886714339256287 0.6190347035725912
1 0.3262758493423462 0.8831817626953125 0.043777891993522645 0.08064055442810059 0.6130612267388238
1 0.36361663341522216 0.939202880859375 0.043777891993522645 0.07885597944259644 0.6130612267388238
1 0.4028328895568848 0.9963004112243652 0.04159861207008362 0.07846799492835999 0.6080841488308377
