8 0.8837376594543457 0.17075667381286622 0.0541493833065033 0.06285057663917541 0.6124963548448351
8 0.810697078704834 0.07542067766189575 0.040302428603172305 0.0676040768623352 0.6256658766004775
8 0.6708671092987061 0.3145150899887085 0.055043482780456544 0.05939018130302429 0.6156412760416666
8 0.6060029983520507 0.21837306022644043 0.05417167544364929 0.05849819779396057 0.6307587517632378
8 0.46249995231628416 0.45937495231628417 0.05249375104904175 0.05993381142616272 0.5835980309380425
8 0.3956925392150879 0.36380505561828613 0.0515779972076416 0.058505141735076906 0.6209503173828125
1 0.26171872615814207 0.6242187023162842 0.04074479341506958 0.07251763939857483 0.6371009826660157
1 0.234375 0.56171875 0.04074031412601471 0.07169058918952942 0.6295477125379775
1 0.18984379768371581 0.5078125476837159 0.04074347615242004 0.06926391124725342 0.6336732652452257
1 0.05703122615814209 0.765625 0.03814542293548584 0.07072796821594238 0.6100464714898004
1 0.013641829788684844 0.7153846263885498 0.029468446969985962 0.07323775291442872 0.6256658766004775
