9 0.3421875 0.97421875 0.10708909034729004 0.12090638875961304 0.2654055701361762
9 0.5621140956878662 0.007743155956268311 0.13007807731628418 0.12233487367630005 0.27698304918077254
9 0.5109375 0.128125 0.13081765174865723 0.11611392498016357 0.2537072711520725
9 0.45847086906433104 0.2580845832824707 0.12866678237915039 0.10707685947418213 0.2700505362616645
9 0.4054687976837158 0.3867187976837158 0.12446178197860717 0.11040804386138917 0.2987436930338542
9 0.35390629768371584 0.50859375 0.1251659393310547 0.11810058355331421 0.288054445054796
9 0.29919800758361814 0.6312996864318847 0.12680243253707885 0.11406409740447998 0.2520062552558051
9 0.24898967742919922 0.7528631210327148 0.12517051696777343 0.11613065004348755 0.2645104726155599
9 0.1793834686279297 0.9193243980407715 0.12444514036178589 0.12022114992141723 0.3099696689181858
9 0.7598667144775391 0.5006458282470703 0.21455907821655273 0.23976101875305175 0.2785273869832357
9 0.8967355728149414 0.1839557409286499 0.19788773059844972 0.18251845836639405 0.23414139217800564
