9 0.008854961395263672 0.2758814573287964 0.12272466421127319 0.12216511964797974 0.233165529039171
9 0.11777544021606445 0.014519995450973511 0.12679951190948485 0.12043418884277343 0.2545085695054796
9 0.20946645736694336 0.6154060363769531 0.1268025040626526 0.1337740898132324 0.2519037882486979
9 0.271875 0.47265625 0.11666938066482543 0.12340414524078369 0.233165529039171
9 0.33408048152923586 0.3212928771972656 0.11142061948776245 0.12535641193389893 0.24721135033501518
9 0.9126999855041504 0.9282119750976563 0.11756190061569213 0.12248367071151733 0.26109517415364586
9 0.7874999523162842 0.8765625953674316 0.11431089639663697 0.12468479871749878 0.24822942945692275
9 0.65234375 0.81953125 0.1198345422744751 0.1319180727005005 0.2478467305501302
9 0.5257812023162842 0.7625 0.11469740867614746 0.12835828065872193 0.27418738471137155
9 0.3968750238418579 0.7078125 0.11899582147598267 0.1263603925704956 0.25983579423692493
9 0.5348626136779785 0.42331905364990235 0.20049376487731935 0.18221614360809327 0.24408047993977863
9 0.6640625 0.4703125 0.19558197259902954 0.18801913261413575 0.24034319983588326
9 0.9101912498474121 0.5788267135620118 0.18752551078796387 0.18323378562927245 0.2634844038221571
9 0.7924875259399414 0.49700775146484377 0.20846350193023683 0.22242352962493897 0.26528091430664064
