9 0.5343750476837158 0.020312488079071045 0.13447554111480714 0.12216439247131347 0.2353483412000868
9 0.4822821140289307 0.14462249279022216 0.12802014350891114 0.10826313495635986 0.2220345179239909
9 0.3726562261581421 0.3953125 0.12908810377120972 0.11266841888427734 0.2220345179239909
9 0.32328765392303466 0.5143366813659668 0.12946139574050902 0.11693956851959228 0.26078881157769096
9 0.27109375 0.63984375 0.12779167890548707 0.11058416366577148 0.25673696729871964
9 0.21706054210662842 0.7667289733886719 0.12717828750610352 0.11600579023361206 0.2916693581475152
9 0.1688091516494751 0.8895216941833496 0.12660107612609864 0.12247424125671387 0.2670476489596897
9 0.42890625 0.7070312023162841 0.1186881422996521 0.12382273674011231 0.23028397030300565
9 0.5710937023162842 0.88359375 0.21248199939727783 0.24099574089050294 0.28221456739637585
9 0.6945312976837158 0.58984375 0.19819728136062623 0.2341458320617676 0.25329466925726996
