9 0.8452275276184082 0.15014573335647582 0.050387096405029294 0.04420118033885956 0.33618267907036675
9 0.86171875 0.18515625 0.07323775291442872 0.08450509905815125 0.3743340810139974
9 0.91171875 0.2203125 0.07757619023323059 0.08705243468284607 0.896740976969401
9 0.5453124523162842 0.3671875 0.09593785405158997 0.1143298625946045 0.3380642573038737
9 0.7802488803863525 0.41356353759765624 0.10074187517166137 0.09439249038696289 0.7357551574707031
9 0.7226562976837159 0.390625 0.09365588426589966 0.09302093386650086 0.31445287068684896
9 0.6462944984436035 0.5050961017608643 0.0874121606349945 0.09228014349937438 0.31445287068684896
9 0.690625 0.5539061546325683 0.09848681688308716 0.10652562379837036 0.9812812805175781
9 0.0318721204996109 0.6306699752807617 0.09004247188568115 0.08565293550491333 0.42592599656846786
9 0.040624982118606566 0.8898436546325683 0.11972475051879883 0.10809282064437867 0.9581773546006944
9 0.9210938453674317 0.7875 0.09781813621520996 0.09992414712905884 0.30419669681125217
