9 0.24851562976837158 0.32367188930511476 0.0933860182762146 0.09388012290000916 0.7951672024197048
9 0.5697656631469726 0.41554689407348633 0.09239779710769654 0.09882116913795472 0.7951672024197048
9 0.296875 0.403125 0.09447510838508606 0.12183586359024048 0.38342802259657116
9 0.24531247615814208 0.4578124523162842 0.07810389399528503 0.08246318101882935 0.39486304389105903
9 0.4305821418762207 0.5322055339813232 0.1246990442276001 0.1114206075668335 0.8375457763671875
9 0.0897077202796936 0.6296746253967285 0.11614115238189697 0.08006907701492309 0.0600421322716607
9 0.15772747993469238 0.8376457214355468 0.050387096405029294 0.04420118033885956 0.33618267907036675
9 0.17421879768371581 0.87265625 0.07323775291442872 0.08450509905815125 0.3743340810139974
9 0.2242187261581421 0.9078125 0.07757619023323059 0.08705243468284607 0.896740976969401
9 0.56171875 0.97109375 0.1244740605354309 0.1076169490814209 0.2915705362955729
