9 0.0848800003528595 0.8842605590820313 0.11838966608047485 0.11983319520950317 0.2500392066107856
9 0.2700629234313965 0.9639723777770997 0.11907968521118165 0.11961036920547485 0.2206135008070204
9 0.5087923049926758 0.9169588088989258 0.13260095119476317 0.11868170499801636 0.2380587895711263
9 0.5708484649658203 0.752977991104126 0.11779263019561767 0.1256428599357605 0.23488695356580946
9 0.44699668884277344 0.6949953079223633 0.1172289252281189 0.12306439876556396 0.233165529039171
9 0.314685583114624 0.6425853729248047 0.12476246356964112 0.1311476469039917 0.24082942538791233
9 0.18341689109802245 0.5863677978515625 0.1169439673423767 0.12331876754760743 0.24822942945692275
9 0.05483413934707641 0.5332167625427247 0.11431620121002198 0.12070755958557129 0.23611672719319662
9 0.7008995532989502 0.4489386558532715 0.19675713777542114 0.19736512899398803 0.2544429355197483
9 0.5661021709442139 0.402527904510498 0.19093213081359864 0.17960305213928224 0.2344981935289171
9 0.45 0.31640625 0.19501830339431764 0.2106945037841797 0.27825107574462893
9 0.3234375 0.29609375 0.19319541454315187 0.184301495552063 0.20483275519476996
9 0.19698216915130615 0.24770472049713135 0.19784713983535768 0.18672975301742553 0.2703471289740668
