9 0.30093817710876464 0.2297595977783203 0.12724543809890748 0.11676957607269287 0.27418736351860895
9 0.24542107582092285 0.3508212804794312 0.12655285596847535 0.11814172267913818 0.22472065819634332
9 0.19062498807907105 0.48515625 0.13133022785186768 0.11755537986755371 0.26780259874131945
9 0.1330106735229492 0.6141539573669433 0.1348843455314636 0.1272452712059021 0.27527936299641925
9 0.6124517917633057 0.29307534694671633 0.11470209360122681 0.1258192777633667 0.270284186469184
9 0.46171875 0.9460938453674317 0.10533816814422607 0.12240492105484009 0.233165529039171
9 0.5884695529937745 0.8110238075256347 0.12375354766845703 0.11534943580627441 0.27359515296088327
9 0.7723799705505371 0.8842605590820313 0.11838966608047485 0.11983319520950317 0.2500392066107856
9 0.9575629234313965 0.9639723777770997 0.11907968521118165 0.11961036920547485 0.2206135008070204
9 0.8709168434143066 0.5863677978515625 0.1169439673423767 0.12331876754760743 0.24822942945692275
9 0.7423341274261475 0.5332167625427247 0.11431620121002198 0.12070755958557129 0.23611672719319662
9 0.8844821929931641 0.24770474433898926 0.19784713983535768 0.18672975301742553 0.2703471289740668
