9 0.4026359558105469 0.7246954441070557 0.1122936487197876 0.10748882293701172 0.3546763949924045
9 0.48883838653564454 0.5959484577178955 0.1005478024482727 0.09275358319282531 0.3661023881700304
9 0.3453124761581421 0.4882812976837158 0.09149762392044067 0.0875544548034668 0.38342802259657116
9 0.1695328950881958 0.48838205337524415 0.09688760042190551 0.08438922762870789 0.9897327846950955
9 0.1265625 0.43671875 0.10224047899246216 0.10202301740646362 0.437241702609592
9 0.20554213523864745 0.3241138935089111 0.106628155708313 0.09536371827125549 0.38880026075575086
9 0.26953122615814207 0.3460937261581421 0.09144295454025268 0.09144296050071717 0.8123689439561632
9 0.2004704475402832 0.05677346587181091 0.08976413607597351 0.11629871129989625 0.34110802544487845
9 0.3347753047943115 0.08571417331695556 0.05252417325973511 0.04476175308227539 0.33754583994547527
9 0.35843026638031006 0.1272473454475403 0.07153892517089844 0.08682678937911988 0.33921898735894096
9 0.3952850103378296 0.15772683620452882 0.08351787328720092 0.06919245719909668 0.9279657999674479
9 0.4330528736114502 0.10745189189910889 0.08580518364906312 0.06760408878326415 0.3743340810139974
9 0.47265625 0.037500005960464475 0.09224044680595397 0.09385413527488709 0.021212805642022027
