8 0.9710936546325684 0.3359375 0.029054537415504456 0.06923180222511291 0.6135796864827474
1 0.828125 0.5820312976837159 0.0771772801876068 0.08846132755279541 0.6540114084879557
1 0.7603826522827148 0.4839291572570801 0.0762799859046936 0.0866729736328125 0.6220072004530165
8 0.5505173206329346 0.6254117012023925 0.02779045104980469 0.06720566153526306 0.6051368713378906
1 0.6164063453674317 0.7273438453674317 0.07719665169715881 0.08884376883506775 0.6038297017415365
8 0.4529747486114502 0.7062199592590332 0.05546409487724304 0.05577053427696228 0.1256659189860026
8 0.3421875238418579 0.7679687976837158 0.031239643692970276 0.0736410915851593 0.6067244635687934
8 0.40663914680480956 0.8713620185852051 0.029048642516136168 0.07194290161132813 0.6179961734347873
8 0.13109045028686522 0.9146116256713868 0.030338260531425475 0.069769948720932 0.6165719774034288
8 0.66015625 0.8796875 0.06387177109718323 0.02906395196914673 0.5996958838568793
