8 0.88984375 0.32421875 0.059395551681518555 0.059395551681518555 0.6070837656656901
8 0.8185903549194335 0.22711167335510254 0.030338260531425475 0.069769948720932 0.6165719774034288
1 0.65 0.42734375 0.04159485697746277 0.06811385154724121 0.6051368713378906
1 0.49043869972229004 0.6229747295379638 0.05029378533363342 0.07126096487045289 0.5791668362087674
1 0.45078129768371583 0.56484375 0.046870678663253784 0.06970511674880982 0.5816930982801649
1 0.4155450344085693 0.5084924221038818 0.039050498604774476 0.07442185878753663 0.574553722805447
1 0.2843750476837158 0.7601562976837158 0.04563442170619965 0.07139800190925598 0.5791668362087674
1 0.1405055284500122 0.8563283920288086 0.03943467438220978 0.05980517864227295 0.6302790323893229
1 0.0007812485098838806 0.9539063453674317 0.045068150758743285 0.05883898138999939 0.6209503173828125
1 0.10312502384185791 0.80234375 0.04290425777435303 0.057855093479156496 0.6352384355333116
1 0.68828125 0.484375 0.0442163348197937 0.06397092342376709 0.6343861897786458
1 0.897861385345459 0.4537505149841309 0.036872726678848264 0.05687585473060608 0.5868366241455079
