8 0.8778379440307618 0.07284505963325501 0.02947317957878113 0.07107227444648742 0.6295476701524523
8 0.9572835922241211 0.1722221255302429 0.05502892732620239 0.05980517864227295 0.6302790323893229
1 0.7475001335144043 0.331006121635437 0.04637756943702698 0.05416858196258545 0.6375639173719618
1 0.7175160884857178 0.26878771781921384 0.04207160174846649 0.0629623293876648 0.6519033643934462
1 0.47678275108337403 0.3495333671569824 0.03942553699016571 0.07283483743667603 0.6111997392442491
1 0.5144030094146729 0.40912580490112305 0.04637756943702698 0.0675922691822052 0.6375639173719618
1 0.5525595188140869 0.46704974174499514 0.04985221028327942 0.0675912618637085 0.6380660163031684
1 0.34665703773498535 0.6040403366088867 0.049850675463676455 0.07155159115791321 0.6488054911295573
1 0.20961534976959229 0.6972355365753173 0.045069390535354616 0.06327049732208252 0.6256659613715277
1 0.1675476312637329 0.6424599647521972 0.04159267544746399 0.06327642798423767 0.6343861897786458
1 0.06766100525856018 0.7934384822845459 0.04376320838928223 0.07107227444648742 0.6295477125379775
1 0.9621165275573731 0.2966014385223389 0.037258923053741455 0.06067652106285095 0.6165719774034288
