1 0.88984375 0.42734379768371583 0.07322325110435486 0.08857967853546142 0.6383332146538628
1 0.8226561546325684 0.3273437023162842 0.07670463919639588 0.09057214260101318 0.6256659613715277
1 0.678519868850708 0.5731716156005859 0.07410977482795715 0.09230660796165466 0.6226771036783855
8 0.614508056640625 0.4686741828918457 0.035112825036048886 0.07286779880523682 0.6413817087809245
8 0.51640625 0.5484375476837158 0.0609204888343811 0.056872612237930296 0.18396746317545573
8 0.47150001525878904 0.715906286239624 0.032500001788139346 0.0703125 0.5903344472249349
8 0.4054687023162842 0.6140625 0.029985147714614867 0.07289904356002808 0.5986739688449436
8 0.19033802747726442 0.7603450775146484 0.02947317957878113 0.07107227444648742 0.6295476701524523
8 0.26978349685668945 0.8597221374511719 0.05502892732620239 0.05980517864227295 0.6302790323893229
1 0.03001619577407837 0.9562877655029297 0.04207160174846649 0.0629623293876648 0.6519033643934462
1 0.2746165990829468 0.9841014862060546 0.037258923053741455 0.06067652106285095 0.6165719774034288
8 0.48149776458740234 0.875040340423584 0.04813413918018341 0.050670182704925536 0.602734629313151
8 0.44453125 0.896875 0.05125380754470825 0.025626903772354125 0.5825711992051866
8 0.7210937023162842 0.72578125 0.06987886428833008 0.024700385332107545 0.6018038007948133
