1 0.19935656785964967 0.9400734901428223 0.036443448066711424 0.03429971635341644 0.6559583452012804
1 0.1624999761581421 0.88671875 0.04110453128814697 0.037269705533981325 0.639208984375
1 0.34183444976806643 0.8533940315246582 0.034681770205497744 0.041251185536384585 0.5855116950141059
1 0.558721399307251 0.6944268226623536 0.037818363308906554 0.04540402591228485 0.5634510464138455
1 0.515504789352417 0.6443509578704834 0.034668761491775515 0.037268918752670285 0.6256659613715277
1 0.4812500476837158 0.58671875 0.038124993443489075 0.04031249582767486 0.5903344472249349
1 0.7098993778228759 0.5074454784393311 0.03814548552036286 0.03942553699016571 0.6111997816297743
1 0.7500000476837159 0.5640624523162842 0.04441458880901337 0.04441458880901337 0.5634510464138455
8 0.9558286666870117 0.40885200500488283 0.03725833594799042 0.05681143999099732 0.6499526129828559
8 0.8820313453674317 0.3117187738418579 0.030049154162406923 0.06495473384857178 0.6771710713704427
