     0/299     6.48G   0.08093   0.04548   0.05435   0.04394    0.2247        40       640   0.02937    0.3075   0.06925     0.022   0.06045   0.02165   0.04662
     1/299     6.49G   0.05868   0.02178   0.03982   0.02638    0.1467        25       640    0.4694    0.2486    0.1374   0.04326    0.0538    0.0167   0.03871
     2/299     6.49G   0.05388   0.01886   0.03321   0.01442    0.1204        32       640    0.5292    0.3295     0.187   0.06303   0.05305   0.01544   0.03548
     3/299     6.49G   0.04931   0.01761   0.02836   0.00993    0.1052        28       640    0.7263    0.2805    0.2929    0.1108   0.04143   0.01593   0.03239
     4/299     6.49G   0.04967   0.01672   0.02542  0.009832    0.1016        43       640    0.6999    0.3513    0.3706    0.1411   0.04407    0.0142   0.02955
     5/299     6.49G   0.04361   0.01752   0.02197  0.008846   0.09195        52       640    0.6867    0.3346    0.3739    0.1451   0.03778   0.01425    0.0266
     6/299     6.49G   0.03893   0.01668   0.02073  0.008879   0.08521        33       640    0.6781     0.463    0.4812     0.203   0.03543   0.01281   0.02134
     7/299     6.49G   0.03619   0.01608    0.0179  0.008368   0.07853        27       640    0.8182    0.4644    0.5602    0.2474   0.03295   0.01303   0.02024
     8/299     6.49G   0.03515   0.01585   0.01677  0.008315   0.07608        33       640    0.7224    0.4841    0.5698    0.2659    0.0334   0.01261   0.01986
     9/299     6.49G   0.03443   0.01528   0.01423  0.007522   0.07146        52       640    0.7321    0.5378    0.6108    0.2747   0.03173   0.01211   0.01742
    10/299     6.49G   0.03292   0.01463   0.01325  0.007651   0.06845        35       640    0.7711    0.5325    0.6431    0.3112   0.02977    0.0121   0.01593
    11/299     6.49G   0.03226   0.01448   0.01193  0.007682   0.06635        43       640    0.5825    0.6601    0.6259    0.2965   0.02922   0.01214   0.01638
    12/299     6.49G   0.03132   0.01445   0.01173  0.007733   0.06523        38       640     0.705    0.6591    0.6736    0.3335   0.02775   0.01168   0.01433
    13/299     6.49G   0.03134   0.01415   0.01096  0.007686   0.06413        46       640      0.79    0.6162    0.6903    0.3404   0.02831   0.01142    0.0139
    14/299     6.49G   0.03087   0.01406   0.01051   0.00731   0.06275        58       640    0.7374    0.7062    0.7061    0.3568   0.02793   0.01145   0.01305
    15/299     6.49G    0.0304   0.01391  0.009735   0.00765    0.0617        38       640    0.6723    0.6663     0.687    0.3403   0.02921   0.01119   0.01431
    16/299     6.49G   0.02943   0.01378  0.008967  0.007276   0.05946        37       640    0.6171    0.7251     0.706    0.3555    0.0273     0.012   0.01368
    17/299     6.49G    0.0288   0.01349  0.008592  0.006966   0.05784        40       640    0.7589     0.721    0.7425     0.374   0.02738   0.01104   0.01181
    18/299     6.49G   0.02881   0.01306  0.008436  0.007212   0.05752        51       640    0.8545    0.6824     0.764    0.3957    0.0267   0.01069    0.0105
    19/299     6.49G   0.02852   0.01327  0.007447  0.007225   0.05646        41       640     0.854    0.6523    0.7478    0.3825   0.02621   0.01105   0.01371
    20/299     6.49G     0.028   0.01295  0.007209  0.007054   0.05521        40       640    0.7705    0.7406    0.7739    0.4299   0.02575   0.01081   0.01348
    21/299     6.49G   0.02756   0.01304  0.006791  0.006783   0.05417        55       640    0.8623    0.7003    0.7765    0.4301   0.02529   0.01077   0.01095
    22/299     6.49G   0.02737   0.01293  0.007427  0.006809   0.05453        23       640    0.6863     0.813    0.7607    0.4053   0.02608   0.01096    0.0117
    23/299     6.49G   0.02741   0.01316  0.007197  0.006726   0.05449        26       640      0.75    0.7802    0.8061     0.453   0.02503   0.01072   0.01116
    24/299     6.49G   0.02747   0.01269  0.006631  0.006954   0.05375        53       640    0.7875    0.7428    0.7635    0.4187   0.02509   0.01039   0.01131
    25/299     6.49G   0.02685   0.01275  0.006082   0.00697   0.05265        29       640    0.7858    0.8135     0.808    0.4136   0.02503   0.01057   0.01088
    26/299     6.49G   0.02651    0.0123  0.005788  0.006425   0.05103        33       640    0.7558    0.8042    0.8094    0.4439   0.02563   0.01066   0.01055
    27/299     6.49G   0.02645   0.01261  0.006066  0.006495   0.05162        37       640    0.7274    0.8104    0.8131     0.428   0.02534   0.01066   0.01224
    28/299     6.49G   0.02681   0.01251  0.006244  0.006662   0.05223        41       640     0.791      0.77    0.8307    0.4626   0.02471    0.0104  0.009875
    29/299     6.49G   0.02589   0.01258  0.005827  0.006863   0.05116        27       640      0.84    0.7734    0.8214    0.4484    0.0245   0.01039   0.01054
    30/299     6.49G   0.02638   0.01249  0.005352  0.006813   0.05103        41       640    0.7993    0.7798    0.8211    0.4456   0.02534   0.01051   0.01053
    31/299     6.49G    0.0257    0.0127  0.004893  0.006524   0.04982        31       640    0.8193    0.7989    0.8259    0.4643   0.02453   0.01031   0.01114
    32/299     6.49G   0.02567   0.01199  0.004998  0.006475   0.04913        49       640    0.8787     0.782    0.8485     0.484   0.02453   0.01039   0.01125
    33/299     6.49G   0.02553   0.01224  0.004772  0.006782   0.04933        37       640    0.8282    0.7841    0.8329    0.4639   0.02414   0.01035   0.01032
    34/299     6.49G   0.02547   0.01223   0.00501  0.006509   0.04922        35       640    0.8636    0.7852    0.8263    0.4466   0.02478   0.01029   0.01011
    35/299     6.49G   0.02533   0.01203  0.005153  0.006186   0.04869        42       640    0.8611    0.7841    0.8316    0.4653   0.02498    0.0103   0.01136
    36/299     6.49G   0.02523   0.01183  0.004654  0.006494   0.04821        51       640    0.7834    0.8031    0.8355    0.4685   0.02372   0.01037   0.01068
    37/299     6.49G   0.02493     0.012  0.004718  0.006134   0.04778        42       640    0.8907    0.7518    0.8315    0.4725   0.02368   0.01034   0.01126
    38/299     6.49G   0.02461   0.01184  0.004557  0.006389   0.04739        61       640     0.877    0.8176    0.8708    0.5221   0.02422   0.01027   0.01063
    39/299     6.49G   0.02502   0.01167  0.004213  0.006165   0.04706        18       640    0.8665    0.7901    0.8384    0.4836   0.02387   0.01013   0.00993
    40/299     6.49G   0.02465   0.01168  0.003818   0.00648   0.04663        44       640    0.9332    0.7588    0.8581    0.5156   0.02367    0.0101  0.009244
    41/299     6.49G   0.02484   0.01212  0.004417  0.005502   0.04688        42       640    0.8662    0.8183    0.8575     0.497   0.02341   0.01001   0.01066
    42/299     6.49G   0.02453   0.01174  0.004028  0.005904    0.0462        56       640    0.8628    0.8411    0.8596    0.4907   0.02344   0.01007  0.009901
    43/299     6.49G     0.024   0.01163  0.004036  0.005936    0.0456        33       640    0.8587    0.8011    0.8428    0.4875   0.02376   0.01015   0.01086
    44/299     6.49G   0.02453   0.01168  0.003982   0.00614   0.04633        40       640    0.8554    0.7842    0.8237    0.4753   0.02334   0.01028   0.01041
    45/299     6.49G   0.02398   0.01134   0.00393  0.006157    0.0454        23       640    0.8285    0.7935    0.7892    0.4643   0.02323   0.01009    0.0112
    46/299     6.49G   0.02382   0.01136  0.004066  0.006223   0.04546        26       640    0.8671    0.8031    0.8332     0.482   0.02283   0.01024   0.01091
    47/299     6.49G   0.02382   0.01153  0.003943  0.006095   0.04539        39       640    0.8668    0.7779    0.8323    0.4976   0.02323   0.01023   0.01071
    48/299     6.49G   0.02374   0.01172   0.00357  0.005912   0.04495        38       640    0.8461    0.7812    0.8256     0.486   0.02324   0.01012   0.01148
    49/299     6.49G   0.02366    0.0116  0.004449  0.006025   0.04573        35       640     0.876    0.8233    0.8637    0.5063   0.02349   0.01031   0.01001
    50/299     6.49G   0.02389   0.01144   0.00385  0.005952   0.04514        34       640    0.8571    0.7803    0.8321    0.4999   0.02329   0.01008   0.01039
    51/299     6.49G   0.02354    0.0116   0.00348  0.005819   0.04444        32       640    0.8846    0.7913    0.8507    0.5112   0.02286   0.01009   0.01044
    52/299     6.49G   0.02369   0.01135  0.003564  0.005948   0.04455        38       640    0.9057     0.747    0.8446      0.51   0.02315  0.009985  0.009735
    53/299     6.49G   0.02344   0.01141   0.00308  0.005877   0.04381        25       640    0.8418    0.8282    0.8499    0.4843   0.02301  0.009951   0.01102
    54/299     6.49G   0.02296   0.01128  0.003253  0.005275   0.04277        34       640    0.8819    0.7532    0.7955    0.4651   0.02311   0.01003   0.01146
    55/299     6.49G   0.02317   0.01109  0.003319  0.005698   0.04328        31       640    0.9085    0.7719     0.859     0.525   0.02272  0.009876   0.01051
    56/299     6.49G   0.02319    0.0113   0.00318   0.00571   0.04338        31       640    0.9117    0.7777    0.8387    0.4935   0.02284   0.01001    0.0104
    57/299     6.49G   0.02291   0.01125  0.002887  0.005744   0.04279        38       640    0.8546    0.8371    0.8738    0.5196   0.02257   0.01004   0.01005
    58/299     6.49G   0.02267   0.01095  0.002946  0.005267   0.04183        32       640    0.8717     0.791    0.8496    0.4992   0.02253  0.009796   0.01075
    59/299     6.49G   0.02291   0.01118  0.003384  0.005706   0.04318        33       640    0.9165    0.7848    0.8512    0.5194   0.02243   0.00986  0.009828
    60/299     6.49G   0.02237     0.011  0.003007  0.005708   0.04209        48       640    0.9102    0.7904    0.8568    0.5308   0.02272   0.00991      0.01
    61/299     6.49G   0.02234    0.0113  0.002945  0.005133   0.04171        36       640    0.8835    0.8096    0.8545     0.528   0.02244  0.009766   0.01009
    62/299     6.49G   0.02243   0.01072  0.003086  0.005416   0.04166        30       640    0.9017    0.8062    0.8616    0.5212    0.0223  0.009857  0.009564
    63/299     6.49G   0.02249   0.01122  0.003415  0.005495   0.04262        45       640    0.8835    0.8215     0.865    0.5252   0.02251  0.009766  0.009258
    64/299     6.49G   0.02252   0.01119  0.003238  0.005474   0.04241        21       640     0.913    0.8091    0.8568    0.5194   0.02221   0.00996  0.009549
    65/299     6.49G    0.0221   0.01118  0.003224  0.005284   0.04178        32       640    0.8853    0.7836    0.8421      0.52   0.02201  0.009852   0.01055
    66/299     6.49G   0.02195   0.01103  0.002971    0.0055   0.04145        10       640    0.8923    0.7667    0.8434    0.5214   0.02206  0.009847  0.009798
    67/299     6.49G   0.02222   0.01076  0.003058   0.00577   0.04181        37       640    0.8871    0.7908    0.8432    0.5157   0.02221  0.009902  0.009024
    68/299     6.49G   0.02221   0.01093  0.002633  0.005024    0.0408        40       640      0.91    0.7918    0.8538    0.5248   0.02178  0.009588   0.00996
    69/299     6.49G   0.02168   0.01047  0.002867  0.005311   0.04032        32       640    0.9105    0.8033      0.85    0.5255   0.02185  0.009915  0.009885
    70/299     6.49G    0.0217   0.01082  0.002824  0.005101   0.04045        36       640    0.9023    0.8011    0.8382    0.5132   0.02215  0.009868   0.01022
    71/299     6.49G   0.02148   0.01075  0.002406  0.005211   0.03985        43       640    0.8663     0.781    0.8446    0.5198   0.02176  0.009839   0.01052
    72/299     6.49G   0.02165   0.01085  0.002564  0.005072   0.04014        68       640    0.8768    0.8003    0.8332    0.5022   0.02204  0.009848  0.009574
    73/299     6.49G   0.02165   0.01075  0.002498  0.005035   0.03994        47       640    0.9052    0.7987    0.8451    0.5318    0.0218   0.00973   0.01013
    74/299     6.49G   0.02142   0.01074   0.00244  0.004816   0.03941        32       640    0.9361    0.7949    0.8681    0.5321   0.02185  0.009661  0.009549
    75/299     6.49G   0.02171   0.01066  0.002411  0.004673   0.03945        40       640    0.8988    0.7856    0.8443    0.5435   0.02163  0.009692  0.009359
    76/299     6.49G   0.02103    0.0105  0.002451  0.004574   0.03856        43       640    0.9039    0.7994    0.8493    0.5434   0.02172    0.0098    0.0102
    77/299     6.49G   0.02092   0.01072  0.002503  0.004594   0.03874        40       640    0.8679    0.8149    0.8377    0.5329    0.0216  0.009668   0.01093
    78/299     6.49G   0.02119   0.01063   0.00291  0.004827   0.03956        32       640    0.9114    0.8074    0.8551    0.5213   0.02179  0.009892  0.009182
    79/299     6.49G   0.02134   0.01066  0.002404  0.004775   0.03918        59       640    0.9046    0.8127    0.8596      0.54    0.0214  0.009661  0.008598
    80/299     6.49G   0.02125   0.01079  0.002542  0.004629    0.0392        27       640    0.9071    0.7851    0.8495    0.5338   0.02136  0.009724  0.009538
    81/299     6.49G   0.02104   0.01056  0.002547  0.004646   0.03879        35       640    0.8921    0.8042    0.8553     0.533   0.02164  0.009769    0.0107
    82/299     6.49G   0.02108   0.01059  0.002268  0.004457    0.0384        41       640    0.9052    0.8048    0.8535    0.5406   0.02164  0.009754  0.009149
    83/299     6.49G   0.02081   0.01038  0.002552  0.004701   0.03844        38       640     0.913    0.7882    0.8473    0.5321   0.02154  0.009593  0.009491
    84/299     6.49G   0.02129   0.01058  0.002637  0.004764   0.03928        53       640    0.8678    0.7738    0.8411    0.5195   0.02171  0.009699  0.009417
    85/299     6.49G   0.02091   0.01025  0.002454  0.004448   0.03806        33       640    0.9065    0.7864    0.8405    0.5192   0.02153  0.009623   0.01042
    86/299     6.49G    0.0208   0.01045  0.002225  0.004578   0.03805        37       640    0.9198    0.8127    0.8486    0.5431   0.02162  0.009776  0.009937
    87/299     6.49G   0.02077   0.01074  0.002668  0.005107   0.03929        29       640    0.8798    0.7971    0.8475     0.542   0.02116  0.009678   0.01006
    88/299     6.49G   0.02064   0.01041  0.002366   0.00501   0.03842        34       640    0.8847    0.8128    0.8457     0.531   0.02133   0.00978   0.01039
    89/299     6.49G    0.0212   0.01059  0.002525   0.00485   0.03916        29       640    0.9002    0.8034    0.8641    0.5473   0.02169  0.009653  0.009693
    90/299     6.49G   0.02099    0.0105  0.002531  0.004791   0.03881        42       640    0.9333    0.7849    0.8513    0.5207   0.02185  0.009684   0.00959
    91/299     6.49G   0.02075   0.01047  0.002597  0.004564   0.03838        31       640    0.9153     0.807     0.857    0.5359   0.02128  0.009662  0.009991
    92/299     6.49G   0.02062   0.01048  0.002331  0.004559   0.03798        60       640    0.9078    0.8129    0.8484    0.5303   0.02117  0.009763  0.009697
    93/299     6.49G   0.02053   0.01044     0.002  0.004453   0.03742        29       640    0.8817    0.8165    0.8508    0.5429   0.02105  0.009554  0.009713
    94/299     6.49G   0.02033    0.0103  0.002074  0.004626   0.03733        40       640    0.9141    0.7961    0.8487    0.5311   0.02129  0.009679  0.009695
    95/299     6.49G   0.02016   0.01014  0.002083  0.004523   0.03691        44       640    0.8536    0.8077    0.8088    0.4727   0.02164  0.009741   0.01041
    96/299     6.49G   0.02039    0.0103  0.002584    0.0042   0.03747        33       640    0.8644    0.8224    0.8483    0.5193   0.02119  0.009656  0.009746
    97/299     6.49G   0.02061    0.0107  0.002035  0.004462   0.03781        33       640    0.9182    0.8021    0.8617    0.5409   0.02137   0.00962   0.01005
    98/299     6.49G   0.02016   0.01038  0.001926   0.00428   0.03674        40       640    0.9248    0.7991    0.8603    0.5426   0.02093  0.009354   0.00984
    99/299     6.49G   0.01995   0.01026  0.002238  0.004324   0.03677        35       640    0.8764    0.8026    0.8208    0.5184   0.02131  0.009584   0.01103
   100/299     6.49G   0.02004    0.0103  0.002024  0.004213   0.03658        68       640    0.8827    0.7953     0.844    0.5313   0.02117  0.009564   0.01043
   101/299     6.49G   0.02013   0.01046  0.001872  0.004106   0.03657        66       640     0.911    0.8082    0.8534    0.5329   0.02107  0.009523   0.01019
   102/299     6.49G   0.01988   0.01026   0.00217  0.004159   0.03647        31       640    0.9067    0.7951    0.8483    0.5359   0.02105  0.009499  0.009995
   103/299     6.49G   0.02003   0.01026  0.002174  0.004259   0.03673        38       640    0.9073    0.8119    0.8601    0.5482   0.02084  0.009404  0.009549
   104/299     6.49G   0.01988   0.01014   0.00219  0.004103   0.03632        40       640    0.9222    0.8147    0.8605    0.5511   0.02093  0.009422  0.009609
   105/299     6.49G   0.01965   0.01024   0.00186  0.004325   0.03608        50       640    0.9083    0.8216    0.8571    0.5434   0.02084  0.009459  0.009349
   106/299     6.49G   0.01958   0.00989  0.002006  0.004045   0.03552        28       640    0.8979    0.8091    0.8566    0.5532   0.02094  0.009555  0.009203
   107/299     6.49G   0.01974   0.01024  0.002192  0.003834   0.03601        67       640    0.9161    0.8075    0.8573    0.5555   0.02088  0.009488  0.009604
   108/299     6.49G   0.01968   0.01008  0.001792  0.004034   0.03559        54       640     0.915    0.8006    0.8491    0.5446   0.02107  0.009529  0.009967
   109/299     6.49G   0.01956  0.009931  0.001853  0.004005   0.03534        43       640    0.9118     0.798     0.844    0.5511   0.02092  0.009566  0.009981
   110/299     6.49G   0.01944  0.009875  0.001818  0.003893   0.03503        34       640    0.9061    0.8079    0.8492    0.5505   0.02079  0.009503   0.01001
   111/299     6.49G   0.01924   0.01003  0.001663  0.003562   0.03449        51       640    0.9119    0.8145    0.8528    0.5539   0.02079  0.009494  0.009591
   112/299     6.49G   0.01928  0.009776  0.001793  0.003618   0.03447        39       640     0.915    0.8073    0.8495     0.552   0.02074  0.009517    0.0102
   113/299     6.49G   0.01992      0.01  0.001694  0.003709   0.03532        40       640    0.8921    0.8028    0.8484    0.5483    0.0209  0.009357   0.01015
   114/299     6.49G   0.01921  0.009932  0.001883  0.003949   0.03498        26       640    0.9177    0.8095    0.8533    0.5424   0.02069  0.009561   0.01044
   115/299     6.49G   0.01949  0.009979  0.001987   0.00413   0.03559        25       640    0.9038     0.805    0.8462    0.5418   0.02087  0.009454  0.009865
   116/299     6.49G   0.01928  0.009893  0.001934  0.004081   0.03519        37       640    0.9051    0.8084    0.8491     0.547   0.02075  0.009531   0.01025
   117/299     6.49G   0.01909  0.009917   0.00199  0.003756   0.03475        31       640    0.9229    0.8058    0.8431    0.5418   0.02073  0.009557   0.01052
   118/299     6.49G   0.01923  0.009728  0.001771  0.003957   0.03469        41       640    0.8844     0.807    0.8443    0.5357   0.02097  0.009558   0.01073
   119/299     6.49G   0.01922  0.009837   0.00167  0.003499   0.03422        30       640    0.8937    0.8111    0.8558    0.5452   0.02105  0.009569   0.01055
   120/299     6.49G   0.01907   0.01001  0.001599  0.003544   0.03422        40       640    0.9236    0.8102    0.8596    0.5554   0.02075  0.009372   0.01009
   121/299     6.49G   0.01927  0.009895  0.001771  0.003453   0.03439        47       640    0.9256    0.8049    0.8599     0.557   0.02055  0.009371   0.01023
   122/299     6.49G   0.01871  0.009893  0.001596  0.003707   0.03391        52       640    0.9146    0.8045     0.857     0.557   0.02062  0.009476   0.01068
   123/299     6.49G   0.01918   0.00954  0.001529  0.003448    0.0337        38       640    0.9088    0.8137    0.8601    0.5663   0.02074  0.009455   0.01035
   124/299     6.49G    0.0186  0.009874    0.0017  0.003445   0.03362        43       640    0.9143    0.8088    0.8525    0.5492   0.02089  0.009602   0.01049
   125/299     6.49G   0.01859  0.009543  0.001475  0.003478   0.03308        58       640    0.9305    0.8003    0.8513    0.5427   0.02095  0.009504   0.01041
   126/299     6.49G   0.01878  0.009532  0.001558  0.003368   0.03324        39       640    0.9182    0.8098    0.8547     0.556   0.02074  0.009535  0.009941
   127/299     6.49G   0.01886  0.009617  0.001783  0.003616   0.03388        38       640    0.9192    0.7978    0.8556    0.5527    0.0208  0.009425    0.0104
   128/299     6.49G     0.019  0.009994  0.001764    0.0037   0.03446        53       640    0.8881    0.8068    0.8575    0.5489   0.02061  0.009497   0.01002
   129/299     6.49G   0.01871  0.009661  0.001731  0.003316   0.03342        34       640    0.9166     0.805    0.8594    0.5635   0.02057  0.009478   0.01021
   130/299     6.49G   0.01842   0.00959  0.001607  0.003441   0.03305        43       640    0.9039    0.8085    0.8563    0.5662   0.02061   0.00958   0.00989
   131/299     6.49G   0.01871  0.009717  0.001701  0.003382   0.03351        30       640    0.9018    0.8211    0.8564     0.568   0.02056  0.009556   0.01027
   132/299     6.49G   0.01856  0.009787  0.001506   0.00327   0.03312        52       640    0.9282    0.8115    0.8619     0.562   0.02074  0.009511  0.009864
   133/299     6.49G   0.01846   0.00966  0.001644    0.0035   0.03326        59       640     0.907    0.8263    0.8598    0.5551    0.0208  0.009445  0.009892
   134/299     6.49G   0.01843  0.009589  0.001556  0.003264   0.03284        34       640    0.9112    0.8121    0.8588    0.5598   0.02067  0.009389   0.01052
   135/299     6.49G   0.01835  0.009753  0.001545   0.00323   0.03288        41       640    0.9172    0.8075    0.8577    0.5609   0.02052  0.009429  0.009983
   136/299     6.49G   0.01831  0.009743  0.001495  0.003107   0.03265        32       640    0.9106    0.8068    0.8583    0.5631   0.02049  0.009367   0.01004
   137/299     6.49G   0.01817  0.009343  0.001482  0.003097   0.03209        42       640    0.9002    0.8149      0.86    0.5668   0.02066  0.009461  0.009616
   138/299     6.49G   0.01825  0.009496  0.001385  0.003117   0.03225        38       640    0.9244    0.7992    0.8551    0.5567   0.02059  0.009549  0.009756
   139/299     6.49G   0.01799  0.009185  0.001534  0.003138   0.03185        31       640    0.9099    0.8076    0.8576    0.5625   0.02043  0.009392   0.01016
   140/299     6.49G   0.01809  0.009559  0.001527  0.003285   0.03246        28       640    0.9127    0.8172    0.8565    0.5618   0.02046  0.009335    0.0104
   141/299     6.49G   0.01802  0.009342  0.001768  0.002853   0.03198        53       640    0.9227    0.8129    0.8541    0.5565   0.02053   0.00933   0.01008
   142/299     6.49G   0.01805  0.009443  0.001483  0.003012   0.03199        43       640    0.9047    0.8224    0.8544     0.564   0.02035  0.009314   0.01012
   143/299     6.49G   0.01798  0.009504  0.001528  0.003292   0.03231        33       640    0.9109    0.8086    0.8537    0.5637   0.02042  0.009359   0.01013
   144/299     6.49G   0.01786  0.009491  0.001617  0.003019   0.03199        14       640    0.9191    0.8109     0.855    0.5599   0.02045  0.009422   0.01016
   145/299     6.49G   0.01811  0.009354  0.001448  0.003017   0.03193        17       640    0.9176    0.8097     0.858    0.5652   0.02034  0.009435    0.0102
   146/299     6.49G   0.01786    0.0094  0.001359  0.002827   0.03145        74       640    0.8982    0.8283    0.8568    0.5632   0.02032  0.009443   0.01007
   147/299     6.49G    0.0181  0.009261  0.001359  0.002834   0.03155        30       640     0.926     0.812    0.8534    0.5614   0.02036  0.009433   0.01008
   148/299     6.49G   0.01761  0.009355  0.001342  0.002783   0.03109        56       640     0.923    0.8132    0.8547    0.5665   0.02034  0.009465   0.01046
   149/299     6.49G   0.01759  0.009265  0.001382  0.002915   0.03115        19       640    0.9136    0.8084     0.854    0.5659   0.02025  0.009434   0.01024
   150/299     6.49G   0.01742  0.009129  0.001479  0.002735   0.03076        46       640     0.879    0.8127    0.8436    0.5623   0.02035  0.009499   0.01068
   151/299     6.49G   0.01753  0.009332  0.001518  0.002769   0.03115        30       640    0.8691    0.8178    0.8431    0.5595   0.02036  0.009449   0.01149
   152/299     6.49G   0.01744  0.009262  0.001564  0.002616   0.03089        38       640    0.8994    0.8014    0.8518    0.5602   0.02033  0.009459   0.01106
   153/299     6.49G   0.01737  0.009128   0.00137  0.002568   0.03044        31       640     0.893    0.8238     0.853    0.5694   0.02033  0.009484   0.01072
   154/299     6.49G   0.01728  0.009228  0.001311   0.00277   0.03059        55       640    0.8965    0.8192    0.8515    0.5714   0.02032  0.009447   0.01072
   155/299     6.49G   0.01732  0.009453  0.001299  0.002719   0.03079        55       640    0.8839     0.826    0.8465    0.5644   0.02039  0.009432   0.01077
   156/299     6.49G   0.01755   0.00919  0.001164  0.002975   0.03088        37       640    0.9186    0.7675    0.8294    0.5479   0.02032   0.00945   0.01104
   157/299     6.49G   0.01726  0.009213  0.001216   0.00242   0.03011        46       640     0.918    0.8097    0.8452    0.5666   0.02023  0.009477   0.01085
   158/299     6.49G   0.01723   0.00931  0.001293  0.002583   0.03041        24       640     0.922    0.8067    0.8487    0.5701   0.02027  0.009483   0.01048
   159/299     6.49G   0.01724  0.009256   0.00127  0.002496   0.03026        39       640    0.9195    0.8027     0.848    0.5651   0.02031  0.009501    0.0106
   160/299     6.49G   0.01718  0.009078   0.00106  0.002512   0.02983        40       640    0.8927      0.82    0.8531    0.5704   0.02043  0.009529   0.01086
   161/299     6.49G   0.01699  0.009132  0.001255  0.002599   0.02998        33       640    0.9051    0.8224    0.8554    0.5738   0.02042  0.009492   0.01087
   162/299     6.49G   0.01695  0.009109  0.001252  0.002241   0.02955        27       640    0.8977     0.827    0.8565    0.5664    0.0203  0.009459   0.01106
   163/299     6.49G   0.01697   0.00884  0.001263  0.002677   0.02975        37       640    0.9194    0.8065    0.8536     0.566   0.02036  0.009514   0.01111
   164/299     6.49G   0.01713  0.009003  0.001186  0.002581    0.0299        37       640     0.908    0.8279    0.8544    0.5698   0.02033  0.009479   0.01098
   165/299     6.49G   0.01693  0.009069  0.001216  0.002674   0.02989        40       640    0.9127    0.8136    0.8546    0.5692   0.02035  0.009467   0.01102
   166/299     6.49G   0.01658  0.008752  0.001096  0.002399   0.02882        38       640    0.8998    0.8266    0.8549    0.5689   0.02035  0.009502   0.01106
   167/299     6.49G   0.01661   0.00892  0.001217  0.001988   0.02873        34       640    0.9007    0.8259     0.855    0.5687   0.02033  0.009503    0.0111
   168/299     6.49G   0.01678  0.009082  0.001331  0.002104    0.0293        36       640    0.9018    0.8287    0.8584    0.5781    0.0203  0.009462   0.01072
   169/299     6.49G   0.01649  0.008688  0.001127  0.002306   0.02861        45       640    0.8972      0.82    0.8567     0.579   0.02031  0.009497   0.01056
   170/299     6.49G   0.01653  0.008895  0.001048  0.002108   0.02858        48       640    0.8959     0.828    0.8584    0.5794   0.02032  0.009502   0.01053
   171/299     6.49G   0.01659  0.008843  0.001194  0.002322   0.02895        46       640    0.9089    0.8272    0.8591    0.5782   0.02032  0.009479   0.01071
   172/299     6.49G   0.01636  0.009041  0.001059  0.002185   0.02864        34       640    0.9111    0.8336    0.8614    0.5747   0.02029  0.009457   0.01081
   173/299     6.49G   0.01643  0.008745  0.001176  0.002358   0.02871        30       640    0.9056    0.8365    0.8596     0.576   0.02023  0.009449   0.01101
   174/299     6.49G    0.0165  0.008841  0.001344  0.002464   0.02915        38       640    0.9105    0.8218     0.858    0.5789   0.02025  0.009438   0.01095
   175/299     6.49G   0.01648  0.008927  0.001137  0.002098   0.02864        27       640    0.9124    0.8238     0.857    0.5741   0.02026   0.00943   0.01078
   176/299     6.49G   0.01607  0.008839  0.001121  0.001935   0.02796        37       640    0.9065    0.8286    0.8568    0.5712   0.02027  0.009471   0.01091
   177/299     6.49G    0.0161  0.008769 0.0009965  0.001861   0.02773        60       640    0.9074     0.826     0.856    0.5716    0.0203  0.009483   0.01095
   178/299     6.49G   0.01592  0.008699   0.00102  0.001969    0.0276        29       640    0.9211    0.8141    0.8562     0.571   0.02032  0.009461   0.01123
   179/299     6.49G   0.01609  0.008822  0.001157  0.002153   0.02822        29       640    0.9006     0.828    0.8595    0.5686   0.02034  0.009477   0.01106
   180/299     6.49G   0.01633  0.008701  0.001077  0.002269   0.02838        34       640    0.9077    0.8265    0.8615    0.5725   0.02034  0.009479   0.01095
   181/299     6.49G   0.01582  0.008758  0.001015  0.002181   0.02777        56       640    0.9161     0.827    0.8603    0.5736   0.02028  0.009524   0.01087
   182/299     6.49G   0.01602  0.008545 0.0009989  0.002313   0.02788        52       640    0.9158    0.8292    0.8615    0.5734   0.02026  0.009543   0.01088
   183/299     6.49G   0.01584   0.00857  0.001069  0.002041   0.02752        30       640     0.926    0.8155    0.8596    0.5737   0.02028  0.009567   0.01095
   184/299     6.49G   0.01577   0.00864  0.001074  0.002054   0.02754        34       640    0.8572    0.8215    0.8472    0.5618   0.02022  0.009546   0.01113
   185/299     6.49G   0.01589  0.008605   0.00106  0.001991   0.02755        45       640    0.9092    0.7889    0.8351    0.5525   0.02019  0.009518   0.01104
   186/299     6.49G   0.01608  0.008554 0.0009739  0.001943   0.02755        50       640    0.9091    0.7918     0.829    0.5438   0.02015  0.009487   0.01107
   187/299     6.49G   0.01581  0.008429  0.001012  0.002027   0.02728        36       640    0.9046    0.7954    0.8313    0.5486    0.0202  0.009512    0.0111
   188/299     6.49G    0.0158  0.008525  0.001117  0.001731   0.02718        26       640    0.9088    0.7927    0.8362    0.5568   0.02021  0.009516   0.01112
   189/299     6.49G   0.01563  0.008332  0.001082  0.001864   0.02691        29       640    0.9026    0.7951     0.842    0.5601   0.02025  0.009497   0.01123
   190/299     6.49G   0.01576  0.008691  0.001142  0.002172   0.02777        29       640    0.9073    0.8141    0.8565    0.5675   0.02025  0.009499   0.01116
   191/299     6.49G   0.01547  0.008551 0.0008695  0.001608    0.0265        40       640    0.9098    0.8131    0.8548    0.5684   0.02022   0.00952   0.01109
   192/299     6.49G   0.01534  0.008145  0.001015  0.001721   0.02622        24       640     0.909    0.8159    0.8555    0.5684   0.02021  0.009547   0.01114
   193/299     6.49G   0.01545  0.008367 0.0009066   0.00168    0.0264        57       640    0.9054    0.8195    0.8517    0.5701    0.0202  0.009545   0.01115
   194/299     6.49G   0.01523  0.008479 0.0008323  0.001747   0.02628        35       640    0.8974    0.8008    0.8394    0.5609   0.02018  0.009537   0.01126
   195/299     6.49G   0.01538   0.00839 0.0008137  0.001745   0.02632        42       640    0.8999    0.8002    0.8374    0.5611   0.02014  0.009545   0.01143
