3 0.05078125 0.11015625 0.04574263393878937 0.041012489795684816 0.54649904039171
3 0.12578125 0.12421875 0.05012278556823731 0.045419180393218996 0.5423786163330078
3 0.19843751192092896 0.134375 0.05303300619125366 0.048613590002059934 0.5
3 0.1656249761581421 0.2828124761581421 0.0485362708568573 0.0511364221572876 0.6256659613715277
3 0.13906251192092894 0.42734375 0.05287294983863831 0.04250296950340271 0.5941238403320312
3 0.21324419975280762 0.4437838554382324 0.05202509760856629 0.04971733093261719 0.5289173973931207
3 0.03828128576278687 0.56015625 0.04813300371170044 0.059724390506744385 0.6070837656656901
3 0.18494925498962403 0.5887649536132813 0.043777891993522645 0.05850064754486084 0.6130612267388238
3 0.010054526478052139 0.7079003334045411 0.06423319578170776 0.045420125126838684 0.54649904039171
3 0.08203123211860656 0.7203124523162842 0.06609180569648743 0.04440951347351074 0.5538221995035807
3 0.15638834238052368 0.7376803398132324 0.05906580686569214 0.045632359385490415 0.5835980309380425
