1 0.5357369422912598 0.29308624267578126 0.046899905800819396 0.053314363956451415 0.6624541388617622
1 0.57265625 0.353125 0.04637492299079895 0.054667425155639646 0.6307587517632378
1 0.6171875 0.409375 0.043774941563606264 0.05337957739830017 0.6204478793674045
1 0.6695311546325684 0.2007812261581421 0.03943571746349335 0.061970412731170654 0.6256659613715277
1 0.71015625 0.2554686784744263 0.04505919218063355 0.06207622885704041 0.6392089419894749
1 0.7463620662689209 0.31125192642211913 0.042887911200523376 0.05681143999099732 0.6499526129828559
1 0.8135569572448731 0.10749086141586303 0.04555431008338928 0.0589526355266571 0.6559583452012804
1 0.8525518417358399 0.16364197731018065 0.04690103828907013 0.06085162162780762 0.6668706681993273
1 0.88828125 0.21953125 0.048538127541542055 0.059886825084686277 0.6302790323893229
1 0.9590080261230469 0.008816498517990112 0.04073596596717834 0.05118231177330017 0.6526251898871528
1 0.9941706657409668 0.06508408784866333 0.04376931786537171 0.05070306658744812 0.6256659613715277
