8 0.02109374850988388 0.6953125 0.04813395440578461 0.05607627630233765 0.6010030534532335
8 0.08772168159484864 0.797207260131836 0.049836307764053345 0.05814935564994812 0.6588919745551215
8 0.2921875 0.65390625 0.052518540620803834 0.06106242537498474 0.6531288570827908
8 0.22921440601348878 0.5529407978057861 0.054508638381958005 0.05871883630752563 0.6966714223225912
8 0.5120673179626465 0.5047115802764892 0.050389111042022705 0.056590843200683597 0.6695012834337023
8 0.44568934440612795 0.40103859901428224 0.04505919218063355 0.061117523908615114 0.6392089419894749
8 0.6516826629638672 0.2572115182876587 0.05720345973968506 0.05980361700057983 0.6256659613715277
8 0.7196698188781738 0.35645081996917727 0.055043482780456544 0.05850309729576111 0.6156412760416666
8 0.9275861740112304 0.21000933647155762 0.05332838892936707 0.060293066501617434 0.6531288570827908
8 0.86328125 0.11015625 0.05287163853645325 0.05287163853645325 0.6204478793674045
