3 0.08629064559936524 0.5715921878814697 0.045954498648643496 0.05849236845970154 0.6076531728108724
3 0.1598651170730591 0.582452917098999 0.04319954514503479 0.05222113728523255 0.5667667812771268
3 0.228125 0.5984375953674317 0.04782603085041046 0.06177529096603394 0.5805910322401259
3 0.3020674705505371 0.6142675399780273 0.04812920987606049 0.060313308238983156 0.5936330159505209
3 0.3731528759002686 0.6289008617401123 0.04637756943702698 0.0637494146823883 0.6375639173719618
3 0.05781247615814209 0.7171874523162842 0.06478441953659057 0.04541744291782379 0.7117523193359375
3 0.12890626192092897 0.7304687976837159 0.06183655261993408 0.0476956307888031 0.639208984375
3 0.20177531242370605 0.7432929992675781 0.05980517864227295 0.047231802344322206 0.6302790323893229
3 0.2742187738418579 0.7570313930511474 0.059395551681518555 0.04542013108730316 0.7048327975802952
3 0.028906217217445372 0.86953125 0.044682687520980834 0.054491078853607176 0.6051369137234158
3 0.10000002384185791 0.88359375 0.045951998233795165 0.05642538666725159 0.6010030534532335
3 0.17233811616897582 0.8971053123474121 0.04813395440578461 0.056861776113510135 0.6010030534532335
3 0.2460937738418579 0.90859375 0.03983129262924194 0.05590511560440063 0.5254511939154731
