3 0.06015625 0.11874998807907104 0.03981042802333832 0.05778793692588806 0.5124811808268229
3 0.13374192714691163 0.13379955291748047 0.04904711544513703 0.05939418077468872 0.6027345869276258
3 0.20565271377563477 0.14570446014404298 0.04204732477664948 0.05980517864227295 0.6302790323893229
3 0.2781250238418579 0.16250001192092894 0.0454153835773468 0.06387504339218139 0.5557012769911024
3 0.4805759429931641 0.49145121574401857 0.04375704228878021 0.07046858072280884 0.957621341281467
3 0.308695125579834 0.009514355659484863 0.06375689506530761 0.044687265157699586 0.5996958838568793
3 0.03458094596862793 0.2647273540496826 0.06085660457611084 0.04204960465431214 0.6724900563557943
3 0.10691382884979247 0.2792257070541382 0.059783315658569335 0.043777891993522645 0.6130612267388238
3 0.17932554483413696 0.2935242414474487 0.060849863290786746 0.04614007174968719 0.6855471716986762
3 0.25546875 0.3046875 0.06147702932357788 0.044220322370529176 0.6392089419894749
3 0.5156737804412842 0.3492260217666626 0.07424752712249756 0.053696286678314206 0.09412382973564995
