3 0.04453126788139343 0.49375 0.037268918752670285 0.0567700982093811 0.6256658766004775
3 0.11484377384185791 0.5085937976837158 0.04250266551971436 0.060718095302581786 0.5936330159505209
3 0.06015622615814209 0.8062499046325684 0.03981042802333832 0.05778793692588806 0.5124811808268229
3 0.13374192714691163 0.8212995529174805 0.04904711544513703 0.05939418077468872 0.6027345869276258
3 0.20565273761749267 0.8332044601440429 0.04204732477664948 0.05980517864227295 0.6302790323893229
3 0.2781250238418579 0.8500000953674316 0.0454153835773468 0.06387504339218139 0.5557012769911024
3 0.0578125 0.0296875 0.06478441953659057 0.04541744291782379 0.7117523193359375
3 0.12890626192092897 0.04296874701976776 0.06183655261993408 0.0476956307888031 0.639208984375
3 0.20177526473999025 0.055792969465255735 0.05980517864227295 0.047231802344322206 0.6302790323893229
3 0.27421875 0.06953125 0.059395551681518555 0.04542013108730316 0.7048327975802952
3 0.028906255960464478 0.18203123807907104 0.044682687520980834 0.054491078853607176 0.6051369137234158
3 0.1 0.19609375 0.045951998233795165 0.05642538666725159 0.6010030534532335
3 0.1723381519317627 0.20960538387298583 0.04813395440578461 0.056861776113510135 0.6010030534532335
3 0.24609375 0.2210937738418579 0.03983129262924194 0.05590511560440063 0.5254511939154731
3 0.0021875016391277313 0.3270312786102295 0.06568449139595031 0.045420128107070926 0.7048327975802952
3 0.073297119140625 0.34271013736724854 0.062225961685180665 0.04476659893989563 0.6833818647596571
3 0.146875 0.3539062738418579 0.06197224855422974 0.04192356765270233 0.6975987752278646
3 0.2203125238418579 0.36875004768371583 0.06201194524765015 0.04541720449924469 0.6975987752278646
3 0.292079496383667 0.38259053230285645 0.06429075002670288 0.04541744291782379 0.7117523193359375
3 0.36640625 0.39765625 0.06308385729789734 0.044742295145988466 0.6975987752278646
3 0.26328125 0.5335937976837158 0.042071521282196045 0.060374051332473755 0.6531288570827908
3 0.334375 0.55078125 0.0420686662197113 0.059459257125854495 0.6443846384684245
3 0.0171875 0.64140625 0.0602932870388031 0.044742897152900696 0.7270314534505208
3 0.09140625596046448 0.6546875 0.061258500814437865 0.03915408551692963 0.6755835215250651
3 0.16093751192092895 0.66953125 0.06397092342376709 0.0442163348197937 0.6343861897786458
3 0.2359375 0.68203125 0.06226562857627869 0.049828249216079715 0.545395745171441
3 0.3086951017379761 0.6970144271850586 0.06375689506530761 0.044687265157699586 0.5996958838568793
3 0.03458099365234375 0.9522274017333985 0.06085660457611084 0.04204960465431214 0.6724900563557943
3 0.10691379308700562 0.9667257308959961 0.059783315658569335 0.043777891993522645 0.6130612267388238
3 0.17932554483413696 0.9810242652893066 0.060849863290786746 0.04614007174968719 0.6855471716986762
3 0.25546875 0.9921875 0.06147702932357788 0.044220322370529176 0.6392089419894749
