3 0.7737905502319335 0.5715922355651856 0.045954498648643496 0.05849236845970154 0.6076531728108724
3 0.8473651885986329 0.582452917098999 0.04319954514503479 0.05222113728523255 0.5667667812771268
3 0.915625 0.5984375953674317 0.04782603085041046 0.06177529096603394 0.5805910322401259
3 0.9895673751831054 0.6142675399780273 0.04812920987606049 0.060313308238983156 0.5936330159505209
3 0.7453125 0.7171875 0.06478441953659057 0.04541744291782379 0.7117523193359375
3 0.81640625 0.7304687976837159 0.06183655261993408 0.0476956307888031 0.639208984375
3 0.8892753601074219 0.7432929992675781 0.05980517864227295 0.047231802344322206 0.6302790323893229
3 0.9617188453674317 0.7570314407348633 0.059395551681518555 0.04542013108730316 0.7048327975802952
3 0.7164062023162842 0.86953125 0.044682687520980834 0.054491078853607176 0.6051369137234158
3 0.7875 0.88359375 0.045951998233795165 0.05642538666725159 0.6010030534532335
3 0.8598381042480469 0.8971053123474121 0.04813395440578461 0.056861776113510135 0.6010030534532335
3 0.93359375 0.90859375 0.03983129262924194 0.05590511560440063 0.5254511939154731
