8 0.06484375 0.60078125 0.0703125 0.0703125 0.5903344472249349
8 0.13044062852859498 0.6968343734741211 0.07411588430404663 0.06848307251930237 0.6144982231987848
1 0.26510372161865237 0.45183777809143066 0.0784442126750946 0.10501301288604736 0.5181841532389323
1 0.548249340057373 0.4036065101623535 0.07933438420295716 0.10102978944778443 0.6430555555555556
8 0.47421870231628416 0.30781242847442625 0.08085083365440368 0.06759508848190307 0.6152871449788412
8 0.6984375 0.15234373807907103 0.06783121228218078 0.06563246250152588 0.5634510464138455
8 0.7625 0.2609374761581421 0.06502704620361328 0.06502704620361328 0.6086933983696832
8 0.9711970329284668 0.11734766960144043 0.057643330097198485 0.06111632585525513 0.6352384355333116
8 0.8976541519165039 0.016464042663574218 0.06199302077293396 0.05970304012298584 0.5235677507188585
1 0.5629836559295655 0.5525507450103759 0.07411569356918335 0.08844807147979736 0.613061269124349
