1 0.03340787291526794 0.45636773109436035 0.038588869571685794 0.05632126927375793 0.6405839284261068
1 0.07421876192092895 0.5132812976837158 0.04468827843666077 0.05829636454582214 0.5971795399983724
1 0.11703873872756958 0.5607192993164063 0.04160476624965668 0.050700312852859496 0.6190347035725912
1 0.2445312261581421 0.31875 0.04595414400100708 0.053946173191070555 0.6051368713378906
1 0.2867187738418579 0.3695312738418579 0.04250450730323792 0.056032633781433104 0.6010030534532335
1 0.3249999761581421 0.42421875 0.03727118968963623 0.05430687665939331 0.630758794148763
8 0.46171875 0.15937498807907105 0.05628986954689026 0.06605443954467774 0.5996958838568793
8 0.52890625 0.2578125476837158 0.05344560146331787 0.06356524229049683 0.5777918497721354
1 0.6703125476837158 0.018749988079071044 0.06847949028015136 0.10081703662872314 0.6201541900634766
1 0.9671875 0.1203125 0.07193880081176758 0.07705900073051453 0.6111997816297743
