3 0.6640625 0.14609375 0.03294677436351776 0.043872132897377014 0.6320961422390408
3 0.7390624046325683 0.1609375 0.038587179780006406 0.046090242266654965 0.6559583452012804
3 0.8132811546325683 0.17421875 0.04637756943702698 0.04637756943702698 0.6375639173719618
3 0.8799440383911132 0.1910463333129883 0.04207160174846649 0.05547648072242737 0.6519033643934462
3 0.9570311546325684 0.2046875238418579 0.045069390535354616 0.05070306658744812 0.6256659613715277
3 0.638090705871582 0.29780867099761965 0.0456320196390152 0.030990731716156007 0.5704466078016494
3 0.709700059890747 0.3091500520706177 0.053758710622787476 0.04941058158874512 0.6144983079698351
3 0.7853857040405273 0.3250639200210571 0.05125380754470825 0.04591884016990662 0.5825711992051866
3 0.9294840812683105 0.35095691680908203 0.05321410894393921 0.045420125126838684 0.54649904039171
3 0.609375 0.44375 0.03814375698566437 0.054127806425094606 0.6051368713378906
3 0.6804687976837158 0.45468754768371583 0.04506379663944245 0.0557531476020813 0.6156411912706163
3 0.5843750476837158 0.59375 0.05133532285690308 0.04376603364944458 0.5982423994276259
3 0.7289062976837158 0.6148437976837158 0.052248746156692505 0.04249942898750305 0.6096200731065539
3 0.553125 0.7398437976837158 0.041244256496429446 0.05888436436653137 0.5971795399983724
3 0.6216335296630859 0.7525335788726807 0.041246601939201356 0.05563904047012329 0.5760308159722223
3 0.7015624046325684 0.7648436546325683 0.04001617729663849 0.05713517069816589 0.5622148725721571
3 0.525 0.88125 0.06017653346061706 0.041597434878349306 0.6070837656656901
3 0.5981301307678223 0.899474811553955 0.058816945552825926 0.04981434941291809 0.5577158610026042
3 0.67109375 0.9140625 0.0557267963886261 0.045634543895721434 0.5760308159722223
3 0.815625 0.9375 0.06277523636817932 0.0466106116771698 0.5679500579833985
