9 0.4287308692932129 0.039350539445877075 0.07462470531463623 0.07168028354644776 0.7825208028157552
10 0.2489610195159912 0.975201416015625 0.02176310569047928 0.02467980980873108 0.23375011020236544
10 0.2609375238418579 0.9875 0.021250002086162567 0.023750002682209014 0.4096655103895399
10 0.27081637382507323 0.9696468353271485 0.020312501490116118 0.020913463830947877 0.7486681620279948
10 0.26015625 0.9523436546325683 0.018813814222812652 0.023438440263271333 0.5302923414442274
10 0.2750000238418579 0.95 0.019299384951591492 0.022286196053028107 0.19003033108181425
10 0.28364834785461424 0.9371281623840332 0.023644912242889404 0.017449739575386047 0.9156150817871094
10 0.175079607963562 0.5862942218780518 0.020828443765640258 0.025435656309127808 0.11799616283840603
10 0.40942888259887694 0.6623653411865235 0.03017549216747284 0.025823259353637697 0.2422378963894314
10 0.41484375 0.6382813453674316 0.023787306249141695 0.0266191303730011 0.2779655032687717
10 0.425 0.61328125 0.023792214691638947 0.025823259353637697 0.2422378963894314
10 0.434375 0.59296875 0.026882889866828918 0.01828767955303192 0.22840050591362848
10 0.44370641708374026 0.575754451751709 0.024669429659843443 0.016070957481861114 0.35119446648491753
