10 0.23073408603668213 0.08891508579254151 0.051751327514648435 0.04901958703994751 0.6771710713704427
10 0.294976019859314 0.05487980842590332 0.050389111042022705 0.051164329051971436 0.6695012834337023
2 0.359375 0.01796875298023224 0.0567700982093811 0.05286986231803894 0.6256659613715277
2 0.43593754768371584 0.15000001192092896 0.04477045238018036 0.06089743971824646 0.6755835215250651
10 0.5092655658721924 0.2872015953063965 0.0499267041683197 0.06180935502052307 0.7762632581922743
10 0.57539381980896 0.2509937763214111 0.05038135647773743 0.055242717266082764 0.680668936835395
10 0.6148437023162842 0.40390625 0.05193840265274048 0.06220759749412537 0.7697160508897569
10 0.6820312976837158 0.36718752384185793 0.05070195198059082 0.06577450037002563 0.6298818800184461
2 0.6828125953674317 0.5406250476837158 0.053877586126327516 0.06318018436431885 0.6695012834337023
10 0.86015625 0.90546875 0.0531411349773407 0.06383913159370422 0.7401641845703125
