10 0.29324281215667725 0.46940860748291013 0.051083290576934816 0.06504579782485961 0.7321974012586806
3 0.41484375 0.5648437976837158 0.029319509863853455 0.022201478481292725 0.54887449476454
3 0.3197464466094971 0.6176793575286865 0.027287888526916503 0.020935624837875366 0.7374513414171007
3 0.2875 0.6351562023162842 0.028168368339538574 0.022534695267677308 0.6256659613715277
3 0.22343752384185792 0.6710937976837158 0.028515055775642395 0.019761191308498384 0.7839996337890625
3 0.246875 0.78515625 0.025388357043266297 0.021706075966358186 0.6695012834337023
3 0.27890629768371583 0.7679687976837158 0.02840445339679718 0.0225091889500618 0.6559582180447049
3 0.31125004291534425 0.7506250381469727 0.026553305983543395 0.020963135361671447 0.7048327975802952
3 0.34296875 0.7320312976837158 0.025775966048240662 0.023062705993652344 0.6695012834337023
3 0.37421875 0.7148437976837159 0.027645757794380187 0.020309345424175264 0.7374513414171007
3 0.40676565170288087 0.6994356632232666 0.029356709122657774 0.02303628474473953 0.7199875725640191
10 0.47476630210876464 0.841761302947998 0.055242717266082764 0.06646803617477418 0.680668936835395
2 0.042968755960464476 0.07499999403953553 0.04963183999061584 0.060354262590408325 0.6900303734673394
3 0.2548072814941406 0.6541629314422608 0.026524734497070313 0.02237139493227005 0.7220344543457031
