10 0.8028825759887696 0.018534483015537263 0.01973012983798981 0.025242960453033446 0.7577621459960937
10 0.8244111061096191 0.06205529570579529 0.012597277760505676 0.023837922513484953 0.6695012834337023
10 0.85234375 0.0484375 0.01562383770942688 0.02581743896007538 0.5825712415907118
10 0.9320313453674316 0.00546875074505806 0.016827140748500825 0.021987468004226685 0.7662498474121093
10 0.8128125190734863 0.10296876430511474 0.01956559419631958 0.024456991255283354 0.7048327975802952
10 0.9171874046325683 0.10390621423721313 0.016070957481861114 0.02456706911325455 0.6488054911295573
10 0.9712810516357422 0.012912040948867798 0.018879759311676025 0.024440236389636993 0.7284005059136285
10 0.9984375 0.06015622615814209 0.016828639805316924 0.025242960453033446 0.24223785400390624
10 0.9506231307983398 0.19462778568267822 0.021702393889427185 0.0337757408618927 0.6507826487223307
10 0.98984375 0.17109371423721315 0.01957590728998184 0.03383939266204834 0.6915717654758029
10 0.9724218368530273 0.5328906536102295 0.01828191727399826 0.02470529228448868 0.7951672871907552
10 0.9988740921020508 0.5861443996429443 0.01688189208507538 0.027332589030265808 0.6559582180447049
