10 0.7171875 0.03281250894069672 0.057176852226257326 0.0426461935043335 0.9121426052517361
10 0.7382812976837159 0.3515625476837158 0.02652733027935028 0.02235875129699707 0.15595827102661133
10 0.7648035049438476 0.3586984634399414 0.026699066162109375 0.02176310569047928 0.23375013139512804
10 0.699535608291626 0.4500754356384277 0.03372973799705505 0.024247774481773378 0.14880551232231987
10 0.7453125 0.45703125 0.031754127144813536 0.02209654599428177 0.09478627310858832
10 0.7283594608306885 0.5172656536102295 0.04002257585525513 0.029646345973014833 0.20483275519476996
10 0.6766243934631347 0.5079749584197998 0.03467082679271698 0.03140586018562317 0.0634510358174642
10 0.6399281978607178 0.5057432651519775 0.03185230493545532 0.028512948751449586 0.1051369137234158
10 0.5952309608459473 0.6697137355804443 0.03714020848274231 0.030303779244422912 0.16245416005452473
10 0.4093750476837158 0.08828125596046447 0.04558138251304626 0.020371867716312407 0.043835404184129505
