2 0.4194887638092041 0.9748996734619141 0.10341150760650634 0.07514634132385253 0.03973704973856608
10 0.4962512969970703 0.9788732528686523 0.09101478457450866 0.09133667945861816 0.867903815375434
10 0.5874999523162842 0.9609375 0.09249306321144105 0.0888825535774231 0.10869340896606446
10 0.5713590621948242 0.9069849014282226 0.06037158966064453 0.0634498119354248 0.8897084554036458
10 0.5523437976837158 0.8718750953674317 0.08972994089126587 0.09492904543876649 0.9260619269476996
10 0.4562499523162842 0.859375 0.07194290161132813 0.07194290161132813 0.9723382737901476
10 0.51171875 0.8179688453674316 0.06373561024665833 0.07529420852661133 0.8795522054036459
10 0.3983152389526367 0.8969423294067382 0.09439839124679565 0.08741625547409057 0.6793815612792968
10 0.38284037113189695 0.7587386131286621 0.041369381546974185 0.04290376603603363 0.8790496826171875
10 0.4295626640319824 0.748463487625122 0.046272122859954835 0.03862383663654327 0.8692412482367622
10 0.4648437023162842 0.7414062023162842 0.04551999866962433 0.04242640733718872 0.9096655103895399
10 0.40390625 0.6867187023162842 0.04813413321971893 0.04813413321971893 0.8540664672851562
10 0.3976562976837158 0.51875 0.05116346478462219 0.06819359064102173 0.8801744249131944
10 0.36362662315368655 0.3891387939453125 0.04932847619056702 0.0634498119354248 0.8897084554036458
