1 0.05859373807907105 0.7601562976837158 0.030768704414367676 0.033592888712883 0.28162420060899523
1 0.05937498211860657 0.5374999523162842 0.04206494688987732 0.056233268976211545 0.35941602918836807
1 0.14453126192092897 0.59140625 0.03644182980060577 0.05715522766113281 0.35004742940266925
1 0.2320312738418579 0.6390625476837158 0.03726468682289123 0.059214556217193605 0.37904972500271267
1 0.3156249523162842 0.6890625 0.03782312870025635 0.05371980667114258 0.42083316379123265
1 0.4015625 0.74296875 0.03469265401363373 0.05394616723060608 0.39486304389105903
1 0.4875 0.7906250476837158 0.037565046548843385 0.04640388190746307 0.5
1 0.57734375 0.8398438453674316 0.03321627676486969 0.05585973858833313 0.44917865329318574
1 0.6615007400512696 0.8916432380676269 0.037624475359916684 0.053079026937484744 0.47348959181043837
1 0.7765625953674317 0.9593750953674316 0.03779158890247345 0.05401387810707092 0.3282086902194553
1 0.30703125 0.91015625 0.033264413475990295 0.028158360719680788 0.3913065592447917
