1 0.00859375 0.10234375 0.02733258605003357 0.036443448066711424 0.34404171837700737
1 0.32474846839904786 0.2847637414932251 0.02731689512729645 0.03163821399211884 0.36561381022135414
1 0.3625 0.30859377384185793 0.03030931353569031 0.0281561940908432 0.35561540391710067
1 0.47401790618896483 0.37612266540527345 0.030817320942878722 0.0316095381975174 0.33850604163275827
1 0.5109375 0.3984375 0.03005528748035431 0.03005528748035431 0.3099696689181858
1 0.5507812976837159 0.4203125 0.028674370050430296 0.030786365270614624 0.3099696689181858
1 0.5876802444458008 0.4415264129638672 0.028168368339538574 0.03163524866104126 0.3743340810139974
1 0.6278639316558838 0.4645063400268555 0.025984781980514526 0.030817320942878722 0.33850604163275827
1 0.18671876192092896 0.3859375238418579 0.02655859589576721 0.03262912929058075 0.32282894982231986
1 0.22578127384185792 0.41015625 0.026539334654808046 0.03192642331123352 0.33850604163275827
1 0.26640625 0.43203125 0.027317413687705995 0.03308442234992981 0.32282894982231986
1 0.3046874523162842 0.45390625 0.030335164070129393 0.03423539698123932 0.3743340810139974
1 0.34250004291534425 0.479062557220459 0.027950850129127503 0.03354101777076721 0.29516722361246744
1 0.38486809730529786 0.5036724090576172 0.025834375619888307 0.033548304438591005 0.30842823452419704
1 0.4234375 0.5250000476837158 0.02586354911327362 0.03299832344055176 0.28162420060899523
1 0.74609375 0.76015625 0.030768704414367676 0.033592888712883 0.28162420060899523
1 0.41015625 0.66875 0.027331554889678956 0.03105498254299164 0.33850604163275827
1 0.37124035358428953 0.6464980125427247 0.023785534501075744 0.030176889896392823 0.23611672719319662
1 0.3320312976837158 0.6218750953674317 0.027950847148895265 0.031444701552391055 0.29516722361246744
1 0.29091081619262693 0.6021150588989258 0.022371597588062286 0.032193276286125186 0.2752793206108941
1 0.25011138916015624 0.5810149669647217 0.02586354911327362 0.03351856470108032 0.28162420060899523
1 0.21207828521728517 0.5569669723510742 0.024400343000888825 0.030817320942878722 0.33850604163275827
1 0.17529700994491576 0.5315609455108643 0.025169983506202698 0.035112825036048886 0.3586182912190755
1 0.13515626192092894 0.5109375 0.02515576481819153 0.03284224271774292 0.29516722361246744
1 0.746875 0.5375 0.04206494688987732 0.056233268976211545 0.35941602918836807
1 0.83203125 0.59140625 0.03644182980060577 0.05715522766113281 0.35004742940266925
1 0.91953125 0.6390625 0.03726468682289123 0.059214556217193605 0.37904972500271267
1 0.99453125 0.91015625 0.033264413475990295 0.028158360719680788 0.3913065592447917
