1 0.2015625 0.9960938453674316 0.03425048589706421 0.029831066727638245 0.9096655103895399
1 0.24859993457794188 0.9906869888305664 0.03467082977294922 0.03140586018562317 0.9365489535861545
1 0.29226486682891845 0.9859297752380372 0.03140586018562317 0.031561335921287535 0.9365489535861545
1 0.34059572219848633 0.980131721496582 0.03607310950756073 0.028289979696273802 0.9447806464301215
1 0.3843750238418579 0.9742188453674316 0.0386680543422699 0.031271818280220035 0.947070566813151
1 0.43051633834838865 0.9706612586975097 0.03469313085079193 0.028289327025413515 0.9137203640407986
1 0.5479103565216065 0.6989376068115234 0.0265625 0.03428308963775635 0.31191654205322267
1 0.586205244064331 0.7222442626953125 0.02731492221355438 0.03727144300937653 0.3669318728976779
1 0.623858118057251 0.7442907810211181 0.028168368339538574 0.03510212004184723 0.3743340810139974
1 0.66015625 0.7656249523162841 0.02688189744949341 0.0348338782787323 0.3981961568196615
1 0.6960936546325683 0.7898437023162842 0.02733258605003357 0.036443448066711424 0.34404171837700737
