1 0.1560431957244873 0.5761259078979493 0.028672417998313902 0.036443448066711424 0.34404171837700737
1 0.19439334869384767 0.5986672401428222 0.030816149711608887 0.03724734783172608 0.34404171837700737
1 0.2716608285903931 0.6432981967926026 0.031638148427009585 0.03812298774719238 0.3669318728976779
1 0.46718759536743165 0.91171875 0.02733168303966522 0.033183181285858156 0.34921737247043183
1 0.42824511528015136 0.8881008148193359 0.026001569628715516 0.03380204439163208 0.3743340810139974
1 0.390625 0.8648436546325684 0.026001569628715516 0.034235399961471555 0.3743340810139974
1 0.35166947841644286 0.8451276779174804 0.027329251170158386 0.034303903579711914 0.3340953826904297
1 0.3101562261581421 0.821875 0.027325421571731567 0.03573859333992004 0.35861824883355037
1 0.27248921394348147 0.800264549255371 0.027325421571731567 0.035112825036048886 0.35861824883355037
1 0.2359375238418579 0.7765624523162842 0.02816646695137024 0.037598955631256106 0.3669318728976779
1 0.1968750238418579 0.75625 0.026868289709091185 0.034668761491775515 0.3743340386284722
1 0.12236062288284302 0.7083826065063477 0.026882266998291014 0.03596411347389221 0.3948630862765842
1 0.08515623807907105 0.6859375 0.02599446177482605 0.03671802878379822 0.3820038265652127
1 0.046093758940696714 0.6609375476837158 0.027325421571731567 0.03573859333992004 0.35861824883355037
1 0.009256543964147568 0.640548849105835 0.02600518465042114 0.03511168956756592 0.36372477213541665
1 0.4179687023162842 0.7375 0.041261675953865054 0.0615483283996582 0.3468711217244466
1 0.4953125476837158 0.7859374046325683 0.03857126533985138 0.060729223489761355 0.33257234361436633
