1 0.5128073215484619 0.8197874069213867 0.025407320261001586 0.034409910440444946 0.4422840966118707
1 0.5728108882904053 0.8662278175354003 0.02440245896577835 0.031014740467071533 0.4546042972140842
1 0.6093750953674316 0.8953125953674317 0.024404677748680114 0.02915003299713135 0.4511255476209852
1 0.6445311546325684 0.9265625 0.025425788760185242 0.031723198294639585 0.4546042972140842
1 0.2815819025039673 0.6487278461456298 0.0332192063331604 0.019990319013595582 0.4576214260525174
1 0.1835937023162842 0.6421875 0.03125089406967163 0.018813508749008178 0.4546042972140842
1 0.21922636032104492 0.5941311359405518 0.03001464605331421 0.02098585069179535 0.42955343458387585
1 0.1250000238418579 0.58515625 0.03350670039653778 0.022160112857818604 0.47805629306369357
1 0.16015626192092897 0.540625 0.03001464605331421 0.020009763538837433 0.42955343458387585
1 0.12968751192092895 0.5140625 0.03042401671409607 0.014394158124923706 0.4764322916666667
1 0.0703125 0.4578125 0.03125 0.015625 0.4096655103895399
1 0.007812512665987014 0.40390629768371583 0.028980553150177002 0.016608737409114838 0.5488744523790148
