8 0.43906254768371583 0.9437500953674316 0.046876880526542666 0.037627628445625304 0.46970765855577257
1 0.4072097301483154 0.902498435974121 0.031014740467071533 0.037627017498016356 0.45460421244303384
1 0.3754705905914307 0.8761636734008789 0.03221176266670227 0.033197060227394104 0.43437618679470485
1 0.47415385246276853 0.7671275615692139 0.02870326042175293 0.03320746421813965 0.47454876369900173
1 0.5078125 0.79453125 0.028805485367774962 0.034978088736534116 0.43858290778266057
1 0.536419153213501 0.8239404678344726 0.03099651038646698 0.03868429958820343 0.4764322916666667
8 0.6460937976837158 0.6976562976837158 0.048239386081695555 0.038806816935539244 0.4556565178765191
8 0.58828125 0.6445312976837159 0.028726214170455934 0.04419417381286621 0.5
1 0.6984375476837158 0.5328125476837158 0.05541920065879822 0.05541920065879822 0.44917865329318574
8 0.75 0.5835936546325684 0.04221392273902893 0.048288238048553464 0.42630543178982205
8 0.8054686546325683 0.4125 0.04787988066673279 0.03782408535480499 0.42630538940429685
8 0.8613421440124511 0.4629943370819092 0.04219812750816345 0.041251185536384585 0.4144883049858941
1 0.9164061546325684 0.2984374761581421 0.054409629106521605 0.05422611832618714 0.4470706091986762
8 0.96796875 0.3523437261581421 0.04463446438312531 0.042215844988822936 0.4365489959716797
