1 0.64453125 0.62265625 0.034410491585731506 0.034410491585731506 0.43858290778266057
1 0.6500912189483643 0.48895912170410155 0.03101350963115692 0.03542432188987732 0.46026297675238714
1 0.7148437023162841 0.54609375 0.03321891725063324 0.03556216061115265 0.46026297675238714
1 0.7457032203674316 0.38242192268371583 0.030935919284820555 0.03425048291683197 0.5
1 0.7808628082275391 0.4098174571990967 0.0332192063331604 0.03439510762691498 0.4576214260525174
1 0.8120607376098633 0.4386749267578125 0.03659594655036926 0.03542432188987732 0.46026297675238714
1 0.86015625 0.2671874761581421 0.0353391170501709 0.03754781484603882 0.519285625881619
1 0.8918003082275391 0.2941924810409546 0.0332192063331604 0.03439510762691498 0.4576214260525174
1 0.92265625 0.32187495231628416 0.03204330503940582 0.034248119592666625 0.4576214260525174
8 0.9713250160217285 0.14269661903381348 0.049823683500289914 0.04101376533508301 0.4484948476155599
