1 0.17265625 0.9546874046325684 0.0353391170501709 0.03754781484603882 0.519285625881619
1 0.20430030822753906 0.9816925048828125 0.0332192063331604 0.03439510762691498 0.4576214260525174
8 0.28382506370544436 0.8301966667175293 0.049823683500289914 0.04101376533508301 0.4484948476155599
8 0.3398437023162842 0.88359375 0.050801593065261844 0.03905948400497437 0.4017576429578993
8 0.3953124523162842 0.7140624046325683 0.048594504594802856 0.04124407768249512 0.42630538940429685
8 0.451657772064209 0.7680449485778809 0.050024408102035525 0.04221571981906891 0.42955343458387585
8 0.5015624523162842 0.6 0.048594504594802856 0.04124407768249512 0.42630538940429685
8 0.5574465751647949 0.6511007308959961 0.05125380754470825 0.04220341444015503 0.41742880079481337
8 0.61171875 0.484375 0.048288238048553464 0.04221392273902893 0.42630538940429685
8 0.6697419643402099 0.5321961402893066 0.04563463628292084 0.04124771356582642 0.4227449205186632
8 0.72265625 0.36640625 0.04724236130714417 0.04001459181308746 0.4395518832736545
1 0.8828125 0.3015625238418579 0.05683332085609436 0.05441854596138 0.43778512742784287
1 0.9357595443725586 0.13693530559539796 0.05101200342178345 0.0566177248954773 0.43778512742784287
1 0.9914061546325683 0.18515626192092896 0.055595415830612185 0.053216540813446046 0.4491786109076606
