1 0.01093750074505806 0.5328125476837158 0.05541920065879822 0.05541920065879822 0.44917865329318574
8 0.0625 0.5835937023162842 0.04221392273902893 0.048288238048553464 0.42630543178982205
8 0.11796873807907104 0.4125 0.04787988066673279 0.03782408535480499 0.42630538940429685
8 0.17384213209152222 0.4629943370819092 0.04219812750816345 0.041251185536384585 0.4144883049858941
1 0.22890625 0.2984375 0.054409629106521605 0.05422611832618714 0.4470706091986762
8 0.28046875 0.35234375 0.04463446438312531 0.042215844988822936 0.4365489959716797
1 0.3375000238418579 0.1812500238418579 0.05249999761581421 0.0550000011920929 0.4096655103895399
8 0.39375 0.23359375 0.047187510132789615 0.04125000238418579 0.40966546800401477
8 0.4453125 0.06406248807907104 0.0459021270275116 0.043441173434257505 0.4227449205186632
8 0.5023437023162842 0.11640620231628418 0.049414238333702086 0.04221215844154358 0.4422840966118707
