4 0.4953125 0.80859375 0.08065478801727295 0.08286369442939759 0.5172017415364584
4 0.5882812976837158 0.6992187976837159 0.08581333756446838 0.07593388557434082 0.40030411614312067
5 0.6363812446594238 0.5590812683105468 0.08063808679580689 0.07411588430404663 0.3855017344156901
5 0.7153355598449707 0.5333605289459229 0.07223076820373535 0.06881697177886963 0.43170416090223523
6 0.9046874046325684 0.2968749523162842 0.09282031655311584 0.09533870220184326 0.403383297390408
6 0.9674418449401856 0.2165983200073242 0.08812555074691772 0.09156081676483155 0.4119230482313368
4 0.3843273639678955 0.401611328125 0.07845231890678406 0.08950002193450927 0.4921409183078342
4 0.30374410152435305 0.5037993431091309 0.08797304630279541 0.07887047529220581 0.37119806077745227
7 0.0065625011920928955 0.2982812404632568 0.08281249403953553 0.07812499403953552 0.4096655103895399
6 0.07679064869880677 0.20595269203186034 0.09593507051467895 0.0846926748752594 0.4167126973470052
6 0.14746420383453368 0.11744170188903809 0.09156081676483155 0.08812555074691772 0.4119230482313368
