6 0.9046875 0.984375 0.09282031655311584 0.09533870220184326 0.403383297390408
6 0.9674418449401856 0.9040984153747559 0.08812555074691772 0.09156081676483155 0.4119230482313368
7 0.006562453508377075 0.985781192779541 0.08281249403953553 0.07812499403953552 0.4096655103895399
6 0.0767906129360199 0.8934526443481445 0.09593507051467895 0.0846926748752594 0.4167126973470052
6 0.14746417999267578 0.8049417495727539 0.09156081676483155 0.08812555074691772 0.4119230482313368
2 0.054687517881393435 0.6179687023162842 0.05686877965927124 0.07435152530670167 0.4232086181640625
2 0.21406252384185792 0.49453125 0.06226491332054138 0.0787632405757904 0.807177480061849
2 0.40390625 0.446875 0.0625 0.0796875 1.0
6 0.47500004768371584 0.64609375 0.07993147373199463 0.0849524438381195 0.9529290093315972
6 0.5852172374725342 0.6257764816284179 0.07993221879005433 0.08005438446998596 0.9501710679796007
6 0.7001036167144775 0.6102376461029053 0.08042302131652831 0.0786854863166809 0.9239691840277777
2 0.89453125 0.3328125238418579 0.08326938152313232 0.059393906593322755 0.397655275132921
2 0.7895549774169922 0.2448735475540161 0.08101937770843506 0.06542006731033326 0.4461777581108941
2 0.2508131265640259 0.2290280818939209 0.06823429465293884 0.08072232604026794 0.8369289822048611
1 0.10703125 0.259375 0.03098641037940979 0.04001096487045288 0.5181841532389323
