10 0.61072998046875 0.018655228614807128 0.061017566919326784 0.06861976385116578 0.8519497341579861
10 0.6352838516235352 0.10407831668853759 0.04397962093353271 0.061396509408950806 0.8361826578776042
10 0.65 0.19140625 0.05945906043052673 0.0643649160861969 0.8711981031629774
10 0.6647194862365723 0.27519066333770753 0.06067652106285095 0.06252740025520324 0.867903815375434
10 0.5446391582489014 0.4066634654998779 0.03714020848274231 0.027674382925033568 0.8375458611382378
10 0.58046875 0.39296875 0.045953786373138426 0.05747424364089966 0.3888001759847005
10 0.6851562976837158 0.35703129768371583 0.06101371049880981 0.06474847197532654 0.8591067843967014
10 0.6367187023162841 0.5671874046325683 0.04635820984840393 0.04689414501190185 0.6559582180447049
10 0.725231409072876 0.5204742431640625 0.04594020247459411 0.055375140905380246 0.8178939819335938
10 0.742294454574585 0.6044262409210205 0.045058435201644896 0.055375140905380246 0.8178939819335938
10 0.7734375 0.7421875476837159 0.060416752099990846 0.05193720459938049 0.8319554646809896
10 0.8593750953674316 0.9757811546325683 0.042900961637496945 0.0560572624206543 0.8919158087836372
10 0.8484375 0.9195311546325684 0.05702434778213501 0.07003543376922608 0.8995613098144531
10 0.8186386108398438 0.8626308441162109 0.05548524856567383 0.04778507351875305 0.8919158087836372
10 0.80390625 0.80390625 0.05982649326324463 0.05153777599334717 0.8480966356065538
