10 0.7396341323852539 0.5971989154815673 0.026005068421363832 0.03248704671859741 0.36561381022135414
10 0.75546875 0.5703125 0.02561080753803253 0.027790448069572447 0.3948630862765842
10 0.7852335453033448 0.5465591430664063 0.056462860107421874 0.0788249909877777 0.15289761225382487
10 0.8009839057922363 0.6369063377380371 0.058641403913497925 0.07295143604278564 0.4755266401502821
10 0.8746291160583496 0.643438720703125 0.04000626504421234 0.05687585473060608 0.5868366241455079
10 0.9893382072448731 0.5684283256530762 0.032200613617897035 0.04321661293506622 0.4511254628499349
10 0.8782964706420898 0.6828315734863282 0.05936145782470703 0.041251185536384585 0.4144883049858941
10 0.9203125 0.71640625 0.0578125 0.06875 1.0
10 0.9515625 0.7515625 0.055463528633117674 0.05087100863456726 0.5254512363009982
10 0.9632813453674316 0.7843750476837158 0.05572885274887085 0.04963005781173706 0.680668936835395
10 0.8129139900207519 0.47720909118652344 0.0499267041683197 0.05687047839164734 0.2237366994222005
10 0.91484375 0.415625 0.06344973444938659 0.07355383634567261 0.4232086181640625
10 0.97109375 0.3499999761581421 0.05118186473846435 0.05702630281448364 0.35004742940266925
