10 0.09765259623527527 0.05778607726097107 0.04595501124858856 0.058337777853012085 0.9127409193250868
10 0.1316332697868347 0.1827296495437622 0.04812774062156677 0.05914842486381531 0.8644392225477431
10 0.07578125 0.20078125 0.04250382781028748 0.057580339908599856 0.8061423407660591
10 0.13906251192092894 0.3531250238418579 0.03389016985893249 0.010999441891908646 0.9697076585557726
10 0.11484375 0.415625 0.03641150593757629 0.014144989848136901 0.9447806464301215
10 0.1609375 0.4093750476837158 0.02993330657482147 0.015702718496322633 0.9332332187228732
10 0.1953125 0.40234375 0.0328125 0.0125 1.0
10 0.24375 0.47890625 0.05837923288345337 0.07495161890983582 0.8246582878960503
10 0.18828126192092895 0.52109375 0.06883876919746398 0.06564356088638305 0.014466140005323622
10 0.13671876192092897 0.55234375 0.09280897974967957 0.08741495609283448 0.7337501525878907
10 0.28673248291015624 0.5327982902526855 0.08904829025268554 0.08751393556594848 0.9886329650878907
10 0.30312504768371584 0.56640625 0.059682714939117434 0.05800209045410156 0.9498445298936632
10 0.3171875 0.6203125476837158 0.08800079822540283 0.08800079822540283 0.0679500314924452
10 0.228125 0.6351562023162842 0.08982604742050171 0.08794603347778321 0.852238040500217
10 0.15468748807907104 0.6390625 0.099502032995224 0.08762118816375733 0.04036611715952555
10 0.18236430883407592 0.7258499145507813 0.10051139593124389 0.08948379755020142 0.12954769134521485
10 0.3265625 0.7398437976837158 0.08949319124221802 0.10496115684509277 0.5
10 0.21625738143920897 0.9227169990539551 0.0861780285835266 0.09110861420631408 0.753707292344835
