10 0.6226006031036377 0.5502525806427002 0.031241869926452635 0.02674369215965271 0.9332332187228732
10 0.57421875 0.6140625476837158 0.02343369722366333 0.036311674118041995 0.9137203640407986
10 0.6867187976837158 0.59453125 0.025775966048240662 0.017248579859733583 0.9208331637912326
10 0.66640625 0.94453125 0.0360722541809082 0.03943650424480438 0.9491786532931857
10 0.7171875 0.86953125 0.015625 0.0203125 0.0
10 0.71953125 0.89375 0.021875 0.0171875 1.0
10 0.72109375 0.9203125 0.01875 0.0171875 1.0
10 0.72578125 0.946875 0.025 0.0203125 1.0
10 0.7859237670898438 0.9404175758361817 0.023489521443843843 0.017253367602825163 0.957621341281467
10 0.7898437976837158 0.965625 0.026023441553115846 0.015594571828842163 0.9602629767523871
10 0.653125 0.86328125 0.02226470410823822 0.01725514531135559 0.954604254828559
