10 0.0296875 0.18203125 0.015625 0.0203125 0.0
10 0.03203125 0.20625 0.021875 0.0171875 1.0
10 0.03359375 0.2328125 0.01875 0.0171875 1.0
10 0.03828125 0.259375 0.025 0.0203125 1.0
10 0.0984236717224121 0.25291757583618163 0.023489521443843843 0.017253367602825163 0.957621341281467
10 0.10234375 0.278125 0.026023441553115846 0.015594571828842163 0.9602629767523871
10 0.04921875 0.3609375 0.025 0.0171875 1.0
10 0.11484375 0.40625 0.021875 0.0171875 1.0
10 0.11640625 0.4328125 0.025 0.0171875 1.0
10 0.00624999925494194 0.528125 0.03318318426609039 0.018813681602478028 0.9395518832736545
10 0.13046876192092896 0.5578125476837158 0.024009202420711518 0.015694326162338255 0.957621341281467
