8 0.209375 0.6593750476837158 0.023434963822364808 0.06410152912139892 0.5996958838568793
1 0.14140625 0.5578124523162842 0.07670585513114929 0.08236910104751587 0.6290165371365017
1 0.34685075283050537 0.41564149856567384 0.07886714339256287 0.08408974409103394 0.6190347035725912
1 0.4139422416687012 0.5193509101867676 0.0788714349269867 0.07540456652641296 0.6256659613715277
8 0.565678596496582 0.26805591583251953 0.02385052740573883 0.0659216284751892 0.6488054911295573
8 0.6359375 0.37265620231628416 0.02470504492521286 0.06642012596130371 0.6173445807562934
8 0.8451357841491699 0.22200300693511962 0.06720424890518188 0.055945354700088504 0.6010030534532335
8 0.21864867210388184 0.840485668182373 0.06375689506530761 0.023434963822364808 0.5996958838568793
8 0.23948323726654053 0.8268028259277344 0.06413720846176148 0.023834775388240814 0.6256659613715277
8 0.06044470071792603 0.9367548942565918 0.050389111042022705 0.03314053118228912 0.0791668521033393
