1 0.0408206582069397 0.498030424118042 0.03990371823310852 0.06675001978874207 0.6380660163031684
1 0.2831838846206665 0.4135584831237793 0.04594384729862213 0.06413867473602294 0.6213645511203342
1 0.23828125 0.35546877384185793 0.04032339751720428 0.05376453399658203 0.6051368713378906
8 0.478125 0.26171872615814207 0.05158385634422302 0.05553138256072998 0.6156411912706163
8 0.41069707870483396 0.1597956657409668 0.051569783687591554 0.05633674263954162 0.6256659613715277
8 0.623628568649292 0.013932836055755616 0.05070136189460754 0.05374898910522461 0.6204478369818793
1 0.6796875 0.12031248807907105 0.07848495244979858 0.07585627436637879 0.6362752278645833
8 0.906148624420166 0.15298562049865722 0.06375689506530761 0.023434963822364808 0.5996958838568793
8 0.9269831657409668 0.13930290937423706 0.06413720846176148 0.023834775388240814 0.6256659613715277
8 0.5710937976837158 0.328125 0.023068660497665407 0.06809034347534179 0.6785952674018012
8 0.7479447364807129 0.24925482273101807 0.050389111042022705 0.03314053118228912 0.0791668521033393
