9 0.96484375 0.2375 0.05031152367591858 0.04262504279613495 0.29516722361246744
9 0.9890625953674317 0.2742187976837158 0.06938624978065491 0.09069235324859619 0.3986904568142361
9 0.7822300434112549 0.11808332204818725 0.10717940330505371 0.08818036317825317 0.33281784057617186
9 0.8302986145019531 0.2081291675567627 0.09439605474472046 0.1188424825668335 0.3138859430948893
9 0.90078125 0.496875 0.09782555103302001 0.09991689324378968 0.709315914577908
9 0.834375 0.47421879768371583 0.10290881395339965 0.10503957271575928 0.3293153550889757
9 0.75390625 0.58828125 0.09864636063575745 0.10135961771011352 0.33049869537353516
9 0.8007569313049316 0.6414066314697265 0.09688758850097656 0.10001220703125 0.9900536431206597
9 0.975 0.6421875 0.0931529700756073 0.0879689872264862 0.3773228963216146
9 0.08515622615814208 0.91328125 0.09862485527992249 0.09593644142150878 0.340562989976671
