9 0.6972639083862304 0.020455455780029295 0.19265912771224974 0.17993189096450807 0.2555843989054362
9 0.83671875 0.05234375 0.20890798568725585 0.23781852722167968 0.24456982082790799
9 0.19062501192092896 0.146875 0.11058481931686401 0.1225043773651123 0.2588284598456489
9 0.31796875 0.2015625 0.11120988130569458 0.12526551485061646 0.26300597720676
9 0.4463499546051025 0.256452751159668 0.11676324605941772 0.11962058544158935 0.2654055701361762
9 0.5758128643035889 0.3132065773010254 0.11346073150634765 0.12104234695434571 0.2545085695054796
9 0.70546875 0.365625 0.11142059564590454 0.1198958158493042 0.2468621571858724
9 0.08342913389205933 0.2968008041381836 0.12168453931808472 0.11327797174453735 0.2695699055989583
9 0.2718750238418579 0.37578125 0.11809215545654297 0.11601306200027466 0.28001246982150607
9 0.4546875 0.45546875 0.12011042833328248 0.1091504693031311 0.2654055701361762
9 0.3999213695526123 0.5790887355804444 0.1189962387084961 0.11120296716690063 0.25894321865505643
9 0.63671875 0.53203125 0.1205594301223755 0.10978316068649292 0.2654055701361762
9 0.5821930885314941 0.6575409889221191 0.12454018592834473 0.10977883338928222 0.2630059560139974
9 0.4267007827758789 0.7832579612731934 0.11111341714859009 0.11533207893371582 0.2871598561604818
9 0.29499378204345705 0.7288022994995117 0.11326866149902344 0.1174268364906311 0.28001249101426867
9 0.16590502262115478 0.6755577087402344 0.11121225357055664 0.12025675773620606 0.2671580420600043
9 0.05556558966636658 0.6302469730377197 0.07139623165130615 0.12105090618133545 0.26207809448242186
9 0.02578125 0.04609375 0.0921875 0.0515625 1.0
