9 0.12421875 0.44296875 0.11392902135848999 0.12481886148452759 0.27359515296088327
9 0.054687517881393435 0.5953125 0.1263603925704956 0.11899582147598267 0.25983577304416233
9 0.7694428443908692 0.003348517417907715 0.2083287477493286 0.2341464042663574 0.2398654301961263
9 0.96640625 0.10078125 0.20171329975128174 0.2170024633407593 0.225174437628852
9 0.32682559490203855 0.529450798034668 0.19927235841751098 0.21181800365447997 0.2728388680352105
9 0.45078125 0.60078125 0.19317647218704223 0.18570030927658082 0.24894896613226997
9 0.5854391098022461 0.6243399620056153 0.2029094696044922 0.21419363021850585 0.25776212480333116
9 0.6972639083862304 0.7079554557800293 0.19265912771224974 0.17993189096450807 0.2555843989054362
9 0.83671875 0.73984375 0.20890798568725585 0.23781852722167968 0.24456982082790799
9 0.19062502384185792 0.8343749046325684 0.11058481931686401 0.1225043773651123 0.2588284598456489
9 0.3179687261581421 0.8890625 0.11120988130569458 0.12526551485061646 0.26300597720676
9 0.4463499069213867 0.9439527511596679 0.11676324605941772 0.11962058544158935 0.2654055701361762
9 0.08342912197113037 0.9843008995056153 0.12168453931808472 0.11327797174453735 0.2695699055989583
9 0.02578125 0.73359375 0.0921875 0.0515625 1.0
