9 0.4414062976837158 0.6195312976837158 0.15556142330169678 0.1432901978492737 0.2779655032687717
9 0.501516056060791 0.47197794914245605 0.15246171951293946 0.140564227104187 0.2698425081041124
9 0.5626209259033204 0.3148932933807373 0.14014675617218017 0.13666268587112426 0.24750997755262588
9 0.6289062023162841 0.1734375 0.15933701992034913 0.13377370834350585 0.2503694322374132
9 0.6941952705383301 0.012712711095809936 0.15585105419158934 0.13979443311691284 0.2837492412990994
9 0.9929686546325683 0.39687495231628417 0.08660358190536499 0.07283539772033691 0.24866818322075737
9 0.9496875762939453 0.5014062404632569 0.0873464047908783 0.07826237678527832 0.29516722361246744
9 0.9015624046325683 0.6054687023162841 0.0840707540512085 0.08043447732925416 0.26865675184461807
9 0.8642048835754395 0.7371599674224854 0.15552784204483033 0.14567327499389648 0.25238234202067056
9 0.7926114082336426 0.8787453651428223 0.13707318305969238 0.13500711917877198 0.2691971672905816
