9 0.2984374761581421 0.025781241059303284 0.12892528772354125 0.08185974955558777 0.14089315202501085
9 0.3307504415512085 0.1687932252883911 0.13339567184448242 0.16310733556747437 0.9450447930230035
9 0.3242771148681641 0.356903600692749 0.1510378122329712 0.13914148807525634 0.27278279198540584
9 0.2816008567810059 0.5287155151367188 0.15039823055267335 0.14056107997894288 0.26557833353678384
9 0.2208568572998047 0.6739562511444092 0.15168702602386475 0.13914148807525634 0.27278279198540584
9 0.13760905265808104 0.8099210739135743 0.15867561101913452 0.14121402502059938 0.27626330057779946
9 0.6820312023162842 0.07734375 0.07888691425323487 0.07888691425323487 0.9114487542046441
9 0.6764997005462646 0.20016584396362305 0.07696005702018738 0.08022753596305847 0.9352628919813368
9 0.7213082790374756 0.2835637092590332 0.07579209804534912 0.07888691425323487 0.9114487542046441
9 0.7382812976837159 0.3695312738418579 0.07681677937507629 0.08017656803131104 0.9501710679796007
9 0.6898437976837158 0.4843750476837158 0.13462122678756713 0.13259972333908082 0.2353483412000868
9 0.5465910911560059 0.7783438682556152 0.08535312414169312 0.07900313138961793 0.2638832728068034
9 0.06800267696380616 0.9593891143798828 0.16598573923110962 0.1337740659713745 0.2522538079155816
