9 0.6324437141418457 0.6498386859893799 0.08186365962028504 0.08392144441604614 0.26254863739013673
9 0.6811189174652099 0.537010669708252 0.08535072803497315 0.08392530679702759 0.26865675184461807
9 0.7285765647888184 0.4259709358215332 0.084735906124115 0.07836846709251404 0.2531378428141276
9 0.971875 0.20546875 0.14977188110351564 0.16530781984329224 0.2601345909966363
9 0.4228062629699707 0.8442544937133789 0.08741398453712464 0.08529589176177979 0.3160325368245443
9 0.46060686111450194 0.75611572265625 0.08524057865142823 0.0789642572402954 0.3008008744981554
9 0.49609375 0.67265625 0.08245797157287597 0.08245797157287597 0.3005621804131402
9 0.5345256805419922 0.5864105224609375 0.07966923117637634 0.07826550602912903 0.28948328230116105
9 0.5689563274383544 0.49872727394104005 0.0792040228843689 0.084735906124115 0.2531378428141276
9 0.6533348083496093 0.2987109661102295 0.0832902729511261 0.07776479721069336 0.24936392042371963
9 0.6195312976837158 0.3851562738418579 0.0818524956703186 0.07619088292121887 0.3061423619588216
9 0.68984375 0.21328125 0.08421620726585388 0.07694364786148071 0.26865675184461807
9 0.72578125 0.12734375 0.0852101743221283 0.08009985685348511 0.22703143225775824
9 0.7661932468414306 0.04318907856941223 0.08211678266525269 0.07661656141281128 0.23548948499891492
