9 0.9911024093627929 0.6624027252197265 0.07893890738487244 0.08180398941040039 0.3169235653347439
9 0.8983596801757813 0.6259064197540283 0.06591981053352355 0.08363797068595887 0.35434212154812283
9 0.93515625 0.403125 0.08765332102775573 0.07921119332313538 0.24434591929117838
9 0.8728987693786621 0.2333782434463501 0.08414320945739746 0.08965603709220886 0.2422378963894314
9 0.9148438453674317 0.13359379768371582 0.08249895572662354 0.08532781600952148 0.2793865203857422
9 0.9606701850891113 0.025675418972969054 0.0815396785736084 0.08414266109466553 0.23994791242811414
9 0.5820312976837159 0.3562500238418579 0.08250228762626648 0.0861078679561615 0.2744714101155599
9 0.6229562282562255 0.26732792854309084 0.0810845673084259 0.08249970078468323 0.2787066141764323
9 0.65859375 0.17578125 0.09015231728553771 0.09015231728553771 0.2852979448106554
9 0.7009790897369385 0.08760581612586975 0.07693187594413757 0.08667251467704773 0.31268446180555554
