9 0.34785144329071044 0.011007571220397949 0.12948968410491943 0.12602053880691527 0.21940930684407553
9 0.54921875 0.10390622615814209 0.11142054796218873 0.12836302518844606 0.24655878278944227
9 0.72109375 0.15937497615814208 0.13111300468444825 0.1120185136795044 0.25074454413519964
9 0.8804686546325684 0.22421875 0.12915111780166627 0.11669548749923705 0.2882476806640625
9 0.071875 0.2875 0.11431869268417358 0.1433335781097412 0.24223785400390624
9 0.2888020038604736 0.3787959337234497 0.11285914182662964 0.14247052669525145 0.23575522104899088
9 0.526105260848999 0.4677541255950928 0.08457729816436768 0.09713400006294251 0.2793865203857422
9 0.22661640644073486 0.671156358718872 0.06435052752494812 0.06267554163932801 0.04765725665622288
9 0.26484375 0.93046875 0.05988221168518067 0.06682722568511963 0.9245669894748264
9 0.8507811546325683 0.9359374046325684 0.064232736825943 0.07459285855293274 0.5474210103352865
