9 0.5352711200714111 0.11568131446838378 0.12046576738357544 0.1297251343727112 0.10009448793199327
9 0.40390625 0.09296876192092896 0.1088147759437561 0.121112060546875 0.23611672719319662
9 0.10625 0.2664062738418579 0.06149565577507019 0.07911884188652038 0.3008008744981554
9 0.21348848342895507 0.3011307239532471 0.10271728038787842 0.12998833656311035 0.2849000506930881
9 0.3119974613189697 0.3466089487075806 0.06011057496070862 0.07132038474082947 0.3099696689181858
9 0.41328125 0.5609375 0.10011706352233887 0.1066559910774231 0.7385294596354167
9 0.44296875 0.6875 0.10772100687026978 0.11862736940383911 0.7311865912543403
9 0.4375 0.8101561546325684 0.0652652382850647 0.07071565389633179 0.8855016920301649
9 0.1890625 0.7515625 0.10681074857711792 0.1182458758354187 0.9323496500651042
9 0.1967714548110962 0.8773449897766114 0.1125106692314148 0.12969692945480346 0.9923302544487848
