9 0.7523438453674316 0.0742187261581421 0.10830954313278199 0.10132182836532592 0.29516722361246744
9 0.9666085243225098 0.38917458057403564 0.11609909534454346 0.11048445701599122 0.3219967524210612
9 0.9179686546325684 0.5625 0.12968292236328124 0.11228805780410767 0.22930609385172526
9 0.6210937023162841 0.43046875 0.11659371852874756 0.10691266059875489 0.30283696916368275
9 0.56328125 0.55390625 0.10735864639282226 0.10735864639282226 0.23707618713378906
9 0.5171875476837158 0.6679687976837159 0.11183797121047974 0.10479044914245605 0.21897754669189454
9 0.46216716766357424 0.7920702934265137 0.1176138162612915 0.10079996585845948 0.21553124321831596
9 0.42122411727905273 0.9094276428222656 0.1128683090209961 0.1093858003616333 0.2438744439019097
9 0.8969071388244629 0.9389476776123047 0.13800489902496338 0.13306959867477416 0.17409067153930663
9 0.7773058891296387 0.9811899185180664 0.12007890939712525 0.11444703340530396 0.6417504204644098
