9 0.2917063236236572 0.07126551866531372 0.11950055360794068 0.11320310831069946 0.2912375132242839
9 0.2374119997024536 0.19246292114257812 0.12273335456848145 0.10532790422439575 0.24073289235432943
9 0.19321753978729247 0.3087062120437622 0.1259558081626892 0.1132783055305481 0.270284186469184
9 0.6716227054595947 0.013844597339630126 0.12723947763442994 0.11470283269882202 0.26801090240478515
9 0.6196376800537109 0.1309204339981079 0.07477177977561951 0.06360499858856201 0.2892176946004232
9 0.5979256153106689 0.214951491355896 0.07572888135910034 0.06876530647277831 0.24223785400390624
9 0.5515625 0.296875 0.06789485812187195 0.06035098433494568 0.24223785400390624
9 0.522770357131958 0.39614579677581785 0.11677008867263794 0.1097868800163269 0.2723044925265842
9 0.46795120239257815 0.5055111885070801 0.09952152371406556 0.10708708763122558 0.24917623731825086
9 0.6289063453674316 0.55 0.11669684648513794 0.13425688743591307 0.29185155232747395
