9 0.6588924884796142 0.1889668345451355 0.13142282962799073 0.15021145343780518 0.20902099609375
9 0.6586877822875976 0.31482863426208496 0.11713523864746093 0.12818213701248168 0.8986903720431858
9 0.66640625 0.45 0.1027570128440857 0.13154758214950563 0.9010920206705729
9 0.65546875 0.5984375 0.13590118885040284 0.1446308135986328 0.21791216532389324
9 0.6250448226928711 0.7318814277648926 0.12062653303146362 0.1096990942955017 0.18467506832546657
9 0.5808009147644043 0.8459056854248047 0.12536081075668334 0.11899247169494628 0.2525525834825304
9 0.5164383888244629 0.9530394554138184 0.12508773803710938 0.10680004358291625 0.22840050591362848
9 0.8328125953674317 0.9312500953674316 0.07180821299552917 0.06442221999168396 0.25776210361056856
9 0.8953124046325683 0.8195311546325683 0.12378325462341308 0.11521241664886475 0.23028399149576823
9 0.9523532867431641 0.7062210083007813 0.1363761305809021 0.12055673599243164 0.20221294826931424
9 0.9828124046325684 0.61015625 0.07462707161903381 0.06938372254371643 0.9191666497124567
9 0.9390265464782714 0.47783660888671875 0.06298638582229614 0.07093235850334167 0.9208331637912326
9 0.946875 0.38046875 0.06608814001083374 0.06782065033912658 0.9263053894042969
9 0.9398261070251465 0.2843745946884155 0.06876775622367859 0.07032985091209412 0.014466140005323622
