9 0.5179687976837158 0.05312499403953552 0.11667594909667969 0.14035563468933104 0.9146781921386719
9 0.5441559314727783 0.18283839225769044 0.1471719741821289 0.13626039028167725 0.9561646355523004
9 0.6453124046325683 0.2375 0.05970169305801391 0.07335544228553773 0.4807143741183811
9 0.18571720123291016 0.017742103338241576 0.13665772676467897 0.12273335456848145 0.24073289235432943
9 0.1290370225906372 0.13407260179519653 0.14136083126068116 0.12678675651550292 0.25983577304416233
9 0.07578123807907104 0.25390625 0.12690961360931396 0.11962018013000489 0.26704767015245223
9 0.023437491059303282 0.3812500238418579 0.12650494575500487 0.11431869268417358 0.2422378963894314
9 0.3090625286102295 0.563437557220459 0.13933786153793334 0.12352645397186279 0.20483277638753256
9 0.25601840019226074 0.6788014888763427 0.07267169952392578 0.06853646039962769 0.2704565472073025
9 0.21862599849700928 0.7604219436645507 0.0792111873626709 0.07021132707595826 0.24456982082790799
9 0.1835270881652832 0.8462747573852539 0.06821507811546326 0.06381659507751465 0.22472065819634332
9 0.14995675086975097 0.9421710968017578 0.1320381999015808 0.1102752923965454 0.23104572296142578
