9 0.5546875476837159 0.053125 0.1344759225845337 0.11613994836807251 0.1883923636542426
9 0.5103537559509277 0.16417596340179444 0.12750618457794188 0.11568833589553833 0.18307643466525608
9 0.9061259269714356 0.07292193174362183 0.0792111873626709 0.07021132707595826 0.24456982082790799
9 0.8710269927978516 0.1587747573852539 0.06821507811546326 0.06381659507751465 0.22472065819634332
9 0.8374567031860352 0.254671049118042 0.1320381999015808 0.1102752923965454 0.23104572296142578
9 0.7831102848052979 0.3693723678588867 0.11512771844863892 0.10821454524993897 0.20210054185655382
9 0.10390625 0.8117188453674317 0.11937538385391236 0.1323337197303772 0.1596064673529731
9 0.23526878356933595 0.8695718765258789 0.14283846616744994 0.132959246635437 0.22024959988064235
9 0.3796875238418579 0.921875 0.15327742099761962 0.12801893949508666 0.2192520989312066
9 0.5148437976837158 0.9812500953674317 0.16174761056900025 0.12418608665466309 0.23994791242811414
