9 0.42173166275024415 0.12573825120925902 0.08156489133834839 0.07512949109077453 0.18554715050591364
9 0.5313409328460693 0.1648753762245178 0.11466139554977417 0.10080193281173706 0.2131000730726454
9 0.6313281059265137 0.20914061069488527 0.07411589026451111 0.07460999488830566 0.20483273400200738
9 0.7160627841949463 0.2948889970779419 0.114926016330719 0.10942543745040893 0.487009514702691
9 0.7390894412994384 0.4215517520904541 0.11373839378356934 0.10938615798950195 0.7577621459960937
9 0.76953125 0.553125 0.10970765352249146 0.11870009899139404 0.8031578063964844
9 0.9354244232177734 0.6494321823120117 0.05588759183883667 0.0622063398361206 0.2808635923597548
9 0.7635591506958008 0.6741417407989502 0.06824859380722045 0.07619491219520569 0.8282087537977431
9 0.5125588417053223 0.609871768951416 0.11957975625991821 0.12441847324371338 0.9249603271484375
9 0.5179687976837158 0.740625 0.11667594909667969 0.14035563468933104 0.9146781921386719
9 0.5441558837890625 0.8703385353088379 0.1471719741821289 0.13626039028167725 0.9561646355523004
9 0.6453125 0.9249999046325683 0.05970169305801391 0.07335544228553773 0.4807143741183811
9 0.23030712604522705 0.5847790718078614 0.11983152627944946 0.10938615798950195 0.24223785400390624
9 0.1857171893119812 0.7052421569824219 0.13665772676467897 0.12273335456848145 0.24073289235432943
9 0.1290370225906372 0.8215725898742676 0.14136083126068116 0.12678675651550292 0.25983577304416233
9 0.07578126788139343 0.9414061546325684 0.12690961360931396 0.11962018013000489 0.26704767015245223
