9 0.877616024017334 0.5238386154174804 0.1057432770729065 0.11830317974090576 0.6204478793674045
9 0.7821650505065918 0.601779556274414 0.11096253395080566 0.11362245082855224 0.6482138739691841
9 0.8543932914733887 0.9877056121826172 0.10853471755981445 0.11406830549240113 0.2541518529256185
9 0.23063135147094727 0.8531924247741699 0.06994953155517578 0.06586591005325318 0.2502285003662109
9 0.3429687261581421 0.62578125 0.11374826431274414 0.11665840148925781 0.2374513414171007
9 0.05053380727767944 0.5228230476379394 0.13096137046813966 0.11166669130325317 0.19282249874538845
9 0.06718748807907104 0.37890625 0.12820409536361693 0.1209570288658142 0.929553476969401
9 0.03910072445869446 0.23860435485839843 0.14632543325424194 0.12752169370651245 0.9250491672092014
9 0.04921875298023224 0.109375 0.12659841775894165 0.15264812707901002 0.26292379167344837
9 0.33046875 0.21015627384185792 0.06413850784301758 0.06740533113479615 0.029588898022969563
9 0.33828125 0.3070312738418579 0.06590085625648498 0.06901827454566956 0.9556566026475695
9 0.334375 0.40390625 0.06783808469772339 0.0695973813533783 0.9137203640407986
9 0.36878695487976076 0.4705499172210693 0.07115812301635742 0.06807025074958802 0.9017576429578993
