9 0.58359375 0.12031247615814208 0.1394413948059082 0.12824666500091553 0.2502285003662109
9 0.519656753540039 0.27236936092376707 0.13643944263458252 0.13706572055816652 0.26254863739013673
9 0.46318879127502444 0.41428442001342775 0.15552884340286255 0.1421875 0.2513318379720052
9 0.3382812261581421 0.7015625476837158 0.14588083028793336 0.12824132442474365 0.2396812015109592
9 0.93515625 0.34453125 0.15510573387145996 0.13582009077072144 0.25776212480333116
9 0.8754775047302246 0.49282379150390626 0.07550586462020874 0.07617888450622559 0.2834874471028646
9 0.8460936546325684 0.59609375 0.08303502202033997 0.07759010195732116 0.27359515296088327
9 0.7901173591613769 0.6931179523468017 0.07831228375434876 0.07619236707687378 0.31789402431911895
9 0.7404849052429199 0.8135431289672852 0.11983469724655152 0.1288396120071411 0.2468621571858724
9 0.9454218864440918 0.8489794731140137 0.13564980030059814 0.13979071378707886 0.27278279198540584
9 0.6822598457336426 0.9524468421936035 0.1224670171737671 0.12866661548614503 0.2695698632134332
