9 0.8399600982666016 0.0262931227684021 0.08535110354423522 0.07488597631454467 0.2595062467787001
9 0.803125 0.1093750238418579 0.07837460041046143 0.07837460041046143 0.2610951953464084
9 0.7679687976837158 0.19296876192092896 0.09184268712997437 0.07426384091377258 0.26065582699245876
9 0.73125 0.2749999761581421 0.08301924467086792 0.07776410579681396 0.24670533074273004
9 0.6986308574676514 0.3550338506698608 0.08249687552452087 0.07694419622421264 0.26624988979763453
9 0.6656250476837158 0.44296875 0.07551636099815369 0.07757878303527832 0.26624988979763453
9 0.6281249523162842 0.5249999046325684 0.07753849625587464 0.0734440565109253 0.2543394512600369
9 0.59453125 0.6078124523162842 0.07685189247131348 0.0747687578201294 0.283487425910102
9 0.5226562976837158 0.7742188453674317 0.08066192865371705 0.08066192865371705 0.23994791242811414
9 0.48046875 0.88046875 0.08421620726585388 0.07694364786148071 0.26865675184461807
9 0.5845147609710694 0.9215757369995117 0.07759193181991578 0.07825268507003784 0.27796548207600913
9 0.44364228248596194 0.9666755676269532 0.07717961668968201 0.07572887539863586 0.242237917582194
9 0.7241249084472656 0.9845734596252441 0.11742660999298096 0.12857375144958497 0.28125428093804256
9 0.8639653205871582 0.5991714477539063 0.13625314235687255 0.15793551206588746 0.288604376051161
9 0.9474518775939942 0.406707239151001 0.13564616441726685 0.16086922883987426 0.2675055397881402
