9 0.9033208847045898 0.8083363533020019 0.052496933937072755 0.049063488841056824 0.4137204064263238
9 0.9031249046325683 0.8437499046325684 0.04468859136104584 0.044688597321510315 0.4052137162950304
9 0.8724277496337891 0.8581678390502929 0.053324705362319945 0.05201036930084228 0.36372477213541665
9 0.892832088470459 0.8806239128112793 0.02880810797214508 0.03542432188987732 0.46026297675238714
9 0.8569375991821289 0.9048125267028808 0.04249999225139618 0.03999999463558197 0.4096655103895399
9 0.796875 0.99375 0.04089449942111969 0.043160125613212585 0.5163199954562717
9 0.3664062261581421 0.3148437261581421 0.03441024720668793 0.037662634253501893 0.9734895494249132
9 0.33775720596313474 0.32575268745422364 0.023639251291751862 0.028298082947731017 0.929553476969401
9 0.30900001525878906 0.3044062376022339 0.03906249701976776 0.04562499523162842 0.4096655103895399
9 0.31827075481414796 0.2700949192047119 0.0496324360370636 0.0454021155834198 0.6869045257568359
9 0.268865704536438 0.31076779365539553 0.039433571696281436 0.04160476624965668 0.38096529642740884
