9 0.9033207893371582 0.12083621025085449 0.052496933937072755 0.049063488841056824 0.4137204064263238
9 0.903125 0.15624998807907103 0.04468859136104584 0.044688597321510315 0.4052137162950304
9 0.8724277496337891 0.17066787481307982 0.053324705362319945 0.05201036930084228 0.36372477213541665
9 0.8928319931030273 0.1931238055229187 0.02880810797214508 0.03542432188987732 0.46026297675238714
9 0.8569375038146972 0.21731250286102294 0.04249999225139618 0.03999999463558197 0.4096655103895399
9 0.796875 0.30625 0.04089449942111969 0.043160125613212585 0.5163199954562717
9 0.96484375 0.3492187738418579 0.04116671085357666 0.03262040615081787 0.8261973063151041
10 0.48335938453674315 0.7750782012939453 0.03028590977191925 0.03563048243522644 0.42083316379123265
10 0.421875 0.8671875 0.029064178466796875 0.029064178466796875 0.40282041761610243
10 0.1640625238418579 0.9312500953674316 0.019069628417491914 0.02159693092107773 0.40030411614312067
