9 0.2655200481414795 0.2207035541534424 0.049607867002487184 0.04690103828907013 0.6668706681993273
9 0.28828125 0.25781247615814207 0.05302281379699707 0.05739806294441223 0.4875188615587023
9 0.42734370231628416 0.26484375 0.055666738748550416 0.04792412221431732 0.7779655456542969
9 0.2624260902404785 0.4319784164428711 0.05376453399658203 0.04813378751277923 0.3948630862765842
9 0.27109375 0.48515625 0.0498288094997406 0.0498288094997406 0.4576214260525174
9 0.2171875 0.47890625 0.026003074645996094 0.029812443256378173 0.3556153615315755
9 0.2234375 0.5007812976837158 0.0344104528427124 0.04666623175144195 0.4395518832736545
9 0.14975670576095582 0.6006515026092529 0.053125 0.04751838445663452 0.31191654205322267
9 0.12555770874023436 0.41983609199523925 0.04687229096889496 0.030324187874794007 0.40282041761610243
9 0.16953126192092896 0.43515625 0.029355841875076293 0.043554830551147464 0.2849000506930881
9 0.10464749336242676 0.45473814010620117 0.057833462953567505 0.03782411813735962 0.42544627719455297
9 0.06015625 0.52109375 0.0421875 0.0609375 1.0
9 0.05937497615814209 0.5937499523162841 0.05001440644264221 0.06201786398887634 0.4422840966118707
9 0.37734379768371584 0.61328125 0.054665178060531616 0.06377604007720947 0.34404173956976997
9 0.3368389129638672 0.6779446125030517 0.05416994094848633 0.051569783687591554 0.3743340810139974
9 0.2918593406677246 0.7411839485168457 0.058505141735076906 0.048531726002693176 0.37904972500271267
9 0.25234379768371584 0.80625 0.0510004997253418 0.048804304003715514 0.42955343458387585
