9 0.13129912614822387 0.7858129978179932 0.05889962911605835 0.06383342742919922 0.23934415181477864
9 0.20913140773773192 0.8335084915161133 0.0662175476551056 0.06769233345985412 0.21433385213216147
9 0.30648438930511473 0.8782032012939454 0.10820919275283813 0.10870329141616822 0.20483275519476996
9 0.4289062976837158 0.8976561546325683 0.1040763258934021 0.11107231378555298 0.08140452173021105
9 0.6437500476837158 0.7382812976837159 0.07395105361938477 0.058149272203445436 0.9325281778971354
9 0.7205863475799561 0.6728817462921143 0.07059828639030456 0.0615553617477417 0.7337501525878907
9 0.7689052104949952 0.3899461984634399 0.10610288381576538 0.11219574213027954 0.14305558734469945
9 0.6523437976837159 0.41953129768371583 0.1167607307434082 0.09844861030578614 0.5971796247694228
9 0.55 0.4953125 0.12283319234848022 0.10250712633132934 0.5805910322401259
9 0.47421875 0.58046875 0.06348145604133607 0.05320201516151428 0.5679500579833985
9 0.27111220359802246 0.4734459400177002 0.12091139554977418 0.10280309915542603 0.27296854654947916
9 0.36640625 0.25 0.12306249141693115 0.10012032985687255 0.2588284598456489
9 0.4062207698822021 0.12585866451263428 0.09692522883415222 0.08851254582405091 0.22971583472357857
9 0.46189446449279786 0.02764902114868164 0.12454583644866943 0.10826444625854492 0.225174437628852
9 0.7937096118927002 0.02978177070617676 0.12392046451568603 0.10771231651306153 0.25776212480333116
