9 0.3664062261581421 0.9375 0.12306249141693115 0.10012032985687255 0.2588284598456489
9 0.406220817565918 0.8133586883544922 0.09692522883415222 0.08851254582405091 0.22971583472357857
9 0.46189451217651367 0.7151490211486816 0.12454583644866943 0.10826444625854492 0.225174437628852
9 0.5109375 0.5937500476837159 0.10665148496627808 0.09459244012832642 0.24917625851101347
9 0.6357983589172364 0.26087586879730223 0.10486416816711426 0.09725173115730286 0.26528087192111544
9 0.793709659576416 0.7172817707061767 0.12392046451568603 0.10771231651306153 0.25776212480333116
9 0.833101749420166 0.552946662902832 0.13295947313308715 0.1117329716682434 0.22139534420437282
9 0.8796875 0.4421875 0.12441519498825074 0.10387681722640991 0.23028399149576823
9 0.934375 0.35546877384185793 0.06958430409431457 0.06237735748291016 0.23686570061577691
9 0.9593749046325684 0.2796875 0.07342135906219482 0.06327586174011231 0.2220345179239909
9 0.43046875 0.037500005960464475 0.13233227729797364 0.10648131370544434 0.25776212480333116
