9 0.25234375 0.08359375596046448 0.10300607681274414 0.10825364589691162 0.2456605487399631
9 0.1977376937866211 0.20764243602752686 0.10553486347198486 0.12367644309997558 0.2843168258666992
9 0.3960107326507568 0.1080009937286377 0.12105019092559814 0.10074187517166137 0.2642448001437717
9 0.3375337362289429 0.23586106300354004 0.13643865585327147 0.13215057849884032 0.264713986714681
9 0.29765625 0.3546875 0.1280868887901306 0.10074186325073242 0.2638832728068034
9 0.3140625238418579 0.4851562023162842 0.12001805305480957 0.09459239840507508 0.2468621571858724
9 0.28474442958831786 0.5985773086547852 0.12362525463104249 0.10387681722640991 0.23028399149576823
9 0.23635506629943848 0.70553617477417 0.13520461320877075 0.10709681510925292 0.25776212480333116
9 0.2046875238418579 0.81796875 0.10812264680862427 0.1015573263168335 0.25776212480333116
9 0.16257750988006592 0.9211226463317871 0.10386948585510254 0.0998526930809021 0.22614699469672309
