9 0.9171875 0.10312502384185791 0.09922646284103394 0.11166272163391114 0.28715987735324433
9 0.85 0.09765626192092895 0.10345373153686524 0.10271204710006714 0.28208785586886936
9 0.7252599716186523 0.0353048175573349 0.10360015630722046 0.09459255933761597 0.2480961905585395
9 0.659375 0.002343738079071045 0.10757166147232056 0.09991753101348877 0.29097900390625
9 0.5267102241516113 0.031021225452423095 0.05980518460273743 0.06527541875839234 0.2206135008070204
9 0.5875 0.15000001192092896 0.055195456743240355 0.06465310454368592 0.25983577304416233
9 0.6523437976837159 0.17734375 0.056637275218963626 0.06203130483627319 0.26624988979763453
9 0.72109375 0.20625 0.06012753844261169 0.06218994855880737 0.26624988979763453
9 0.78359375 0.234375 0.05455319881439209 0.0637762188911438 0.2808635499742296
9 0.8484375953674317 0.26015629768371584 0.05601040124893188 0.059703397750854495 0.25776210361056856
9 0.334375 0.06171875 0.06831521391868592 0.060785263776779175 0.2752792994181315
