9 0.7445312023162842 0.024218751490116118 0.061356788873672484 0.05633668303489685 0.2150999281141493
9 0.7196538925170899 0.08796049356460571 0.06382973790168762 0.05687585473060608 0.23249446021185982
9 0.6890624523162842 0.15078125 0.06327401399612427 0.06236558556556702 0.23028397030300565
9 0.66484375 0.21328125 0.05980518460273743 0.05980518460273743 0.2206135008070204
9 0.63515625 0.27968754768371584 0.0588154137134552 0.057793283462524415 0.1938576380411784
9 0.6103582382202148 0.3391505479812622 0.06709949970245362 0.06298612356185913 0.2616918139987522
9 0.58203125 0.40703125 0.06420242786407471 0.06127010583877564 0.22472065819634332
9 0.5587007999420166 0.4727011680603027 0.05312843918800354 0.0574512243270874 0.2527886072794596
9 0.5304687023162842 0.5281249523162842 0.05404261350631714 0.04982196986675262 0.4470706091986762
9 0.7742187023162842 0.44453125 0.1085317850112915 0.12328174114227294 0.25882848103841144
