9 0.060937505960464475 0.02031249403953552 0.10938584804534912 0.12154430150985718 0.24376087188720702
9 0.00390625 0.146875 0.10793648958206177 0.1216046929359436 0.24376087188720702
9 0.326055908203125 0.07276912927627563 0.12391269207000732 0.12331876754760743 0.24822940826416015
9 0.4531250476837158 0.134375 0.10687702894210815 0.10271298885345459 0.2825208028157552
9 0.562127161026001 0.18066636323928834 0.10761984586715698 0.12368115186691284 0.2868999269273546
9 0.19376243352890016 0.41213040351867675 0.09015231728553771 0.11533756256103515 0.2852979448106554
9 0.3017022371292114 0.46376309394836424 0.10345590114593506 0.10279514789581298 0.27796548207600913
9 0.4234375 0.5148437976837158 0.10159189701080322 0.09501172304153442 0.5069954766167535
9 0.22968752384185792 0.790625 0.09922646284103394 0.11166272163391114 0.28715987735324433
9 0.1624999761581421 0.78515625 0.10345373153686524 0.10271204710006714 0.28208785586886936
9 0.037759828567504886 0.7228049278259278 0.10360015630722046 0.09459255933761597 0.2480961905585395
9 0.03359377682209015 0.89375 0.06012753844261169 0.06218994855880737 0.26624988979763453
9 0.09609374403953552 0.921875 0.05455319881439209 0.0637762188911438 0.2808635499742296
9 0.16093752384185792 0.94765625 0.05601040124893188 0.059703397750854495 0.25776210361056856
