9 0.5078125 0.06874999403953552 0.10367020368576049 0.09314675331115722 0.24761765797932941
9 0.4609375 0.18359375 0.11920162439346313 0.10360898971557617 0.25776212480333116
9 0.4080233573913574 0.28933043479919435 0.10011584758758545 0.09459255933761597 0.24809616936577691
9 0.36484370231628416 0.4109374523162842 0.1270160675048828 0.09505457282066346 0.28461649152967666
9 0.2679687738418579 0.6328125476837159 0.12831573486328124 0.09376257658004761 0.2638832728068034
9 0.8328557014465332 0.026578933000564575 0.1320381999015808 0.1102752923965454 0.23104572296142578
9 0.7921875476837158 0.1921875 0.12374531030654908 0.10914970636367798 0.26624988979763453
9 0.7695313453674316 0.55 0.10423036813735961 0.11425622701644897 0.14110648896959094
9 0.6549415111541748 0.5847228527069092 0.12280641794204712 0.09282089471817016 0.5984958224826389
9 0.5523437976837158 0.66171875 0.13118606805801392 0.10374895334243775 0.5918574439154731
9 0.47499995231628417 0.7421875 0.06269676685333252 0.05783169269561768 0.5679500579833985
9 0.7216107368469238 0.8341387748718262 0.07267675399780274 0.06013088822364807 0.7270314534505208
9 0.6445312023162841 0.8999999046325684 0.07362316250801086 0.05856387615203858 0.8903798421223958
9 0.12968748807907104 0.9492188453674316 0.06035098433494568 0.05948053598403931 0.2422378963894314
