9 0.6874526023864747 0.012590384483337403 0.09853527545928956 0.10835704803466797 0.30756734212239584
9 0.7742187023162842 0.048437511920928954 0.05240404009819031 0.05863359570503235 0.30283696916368275
9 0.88125 0.10234372615814209 0.09663416147232055 0.11044222116470337 0.25063605838351777
9 0.5671874523162842 0.2882812261581421 0.12946126461029053 0.1331339120864868 0.26169183519151473
9 0.5554791927337647 0.4118998050689697 0.1346019148826599 0.12836246490478515 0.963028801812066
9 0.8304297447204589 0.37734475135803225 0.059395498037338255 0.06251952052116394 0.9840877956814236
9 0.834375 0.5578124523162842 0.06408154368400573 0.06408154368400573 0.9844757927788629
9 0.8671789169311523 0.6186686515808105 0.059539467096328735 0.05970304012298584 0.9332332187228732
9 0.8765625 0.6859374523162842 0.06257743239402772 0.06910478472709655 0.9710827297634549
9 0.5754494190216064 0.5367504119873047 0.1083638310432434 0.131843900680542 0.9395518832736545
9 0.571875 0.6765625476837158 0.14380184412002564 0.12233378887176513 0.27964301639133027
9 0.5288626670837402 0.796204662322998 0.14594916105270386 0.10299630165100097 0.23863101535373263
9 0.4862466812133789 0.9016868591308593 0.14652551412582399 0.10300440788269043 0.24349848429361978
9 0.8349742889404297 0.7637279510498047 0.10590035915374756 0.09110861420631408 0.24629272884792752
