9 0.8171875 0.26171875 0.06035098433494568 0.05948053598403931 0.2422378963894314
9 0.8984375 0.3125 0.05980507731437683 0.06485796570777894 0.21940930684407553
9 0.994786548614502 0.35448393821716306 0.10387982130050659 0.10679409503936768 0.2351250966389974
9 0.8091361045837402 0.5471246719360352 0.10836588144302368 0.11469662189483643 0.2746382395426432
9 0.903125 0.5953125 0.05522037148475647 0.07426415085792541 0.27715451982286243
9 0.9789061546325684 0.67265625 0.09953407049179078 0.11101536750793457 0.47454876369900173
9 0.9971904754638672 0.7923881530761718 0.10422681570053101 0.09868521094322205 0.7409143235948351
9 0.7931235313415528 0.9696136474609375 0.1054235577583313 0.11977355480194092 0.9167126973470052
9 0.5668630599975586 0.7904997348785401 0.07370297908782959 0.05889613628387451 0.23471912807888454
9 0.5601562976837158 0.86171875 0.06059648394584656 0.05541868209838867 0.2361167483859592
9 0.5302079677581787 0.9452018737792969 0.11202155351638794 0.09868356585502625 0.255430179172092
