9 0.7484375476837158 0.02031252384185791 0.10938584804534912 0.12154430150985718 0.24376087188720702
9 0.69140625 0.1468749761581421 0.10793648958206177 0.1216046929359436 0.24376087188720702
9 0.8812623977661133 0.41213045120239256 0.09015231728553771 0.11533756256103515 0.2852979448106554
9 0.9892023086547852 0.4637631893157959 0.10345590114593506 0.10279514789581298 0.27796548207600913
9 0.9171875 0.790625 0.09922646284103394 0.11166272163391114 0.28715987735324433
9 0.85 0.7851562976837159 0.10345373153686524 0.10271204710006714 0.28208785586886936
9 0.7252599716186523 0.7228049278259278 0.10360015630722046 0.09459255933761597 0.2480961905585395
9 0.659375 0.6898437023162842 0.10757166147232056 0.09991753101348877 0.29097900390625
9 0.5267102241516113 0.71852126121521 0.05980518460273743 0.06527541875839234 0.2206135008070204
9 0.5875 0.8375 0.055195456743240355 0.06465310454368592 0.25983577304416233
9 0.6523437976837159 0.86484375 0.056637275218963626 0.06203130483627319 0.26624988979763453
9 0.7210938453674316 0.89375 0.06012753844261169 0.06218994855880737 0.26624988979763453
9 0.78359375 0.9218750953674316 0.05455319881439209 0.0637762188911438 0.2808635499742296
9 0.8484375 0.9476561546325684 0.05601040124893188 0.059703397750854495 0.25776210361056856
9 0.3343750238418579 0.74921875 0.06831521391868592 0.060785263776779175 0.2752792994181315
9 0.3911108493804932 0.6193962097167969 0.06078050136566162 0.06013088822364807 0.27296856774224176
9 0.4531250476837158 0.4890625476837158 0.060797113180160525 0.060797113180160525 0.2878500832451714
