5 0.7062500476837158 0.7585938453674317 0.057920366525650024 0.05319128632545471 0.017679337660471597
5 0.559375 0.7578125 0.053125 0.053125 1.0
5 0.5468750476837159 0.6437500953674317 0.05648015141487121 0.051000076532363894 0.680668936835395
10 0.540625 0.58828125 0.04865648746490479 0.05588620901107788 0.9275577121310764
5 0.6595332145690918 0.44251527786254885 0.050316381454467776 0.052402788400650026 0.7136741638183594
1 0.57578125 0.8609375 0.0375 0.0234375 1.0
1 0.621875 0.86015625 0.0359375 0.028125 1.0
1 0.67265625 0.86171875 0.0359375 0.0265625 1.0
1 0.67421875 0.975 0.040625 0.0265625 1.0
1 0.62421875 0.9765625 0.042736902832984924 0.02816356122493744 0.9764322068956163
1 0.57734375 0.97265625 0.0421875 0.0296875 1.0
