9 0.2632812261581421 0.85546875 0.1044540286064148 0.1044540286064148 0.24400628407796224
9 0.31484375 0.740625 0.10766521692276002 0.10412628650665283 0.2868999269273546
9 0.5641702651977539 0.9489493370056152 0.06035098433494568 0.05890023708343506 0.2422378963894314
9 0.6320312976837158 0.7968750476837159 0.06472786664962768 0.06077501177787781 0.20483277638753256
9 0.678125 0.6828125 0.1191408395767212 0.10581154823303222 0.17832226223415798
9 0.462159538269043 0.39393310546875 0.10997602939605713 0.10360479354858398 0.25063605838351777
9 0.5070312976837158 0.28515627384185793 0.10791747570037842 0.10504515171051025 0.25776212480333116
9 0.5537119388580323 0.1707515835762024 0.10978296995162964 0.10423175096511841 0.26528087192111544
9 0.602875804901123 0.06465317010879516 0.11755491495132446 0.10853471755981445 0.2541518529256185
9 0.8671875 0.08437500596046447 0.10059599876403809 0.11812158823013305 0.9323496500651042
9 0.877994155883789 0.20460410118103028 0.11027528047561645 0.12422362565994263 0.9188249376085069
9 0.8928681373596191 0.3312631607055664 0.1308213233947754 0.13237059116363525 0.9171047634548611
9 0.9984375 0.37499997615814207 0.06077679395675659 0.07199398875236511 0.5097933875189887
