9 0.959375 0.221875 0.1085347056388855 0.12049500942230225 0.2545085695054796
9 0.5259794235229492 0.29618520736694337 0.06776956915855407 0.0601304829120636 0.2752793206108941
9 0.4937124729156494 0.3617988348007202 0.06362086534500122 0.05588379502296448 0.2790537304348416
9 0.46796875 0.425 0.06489834189414978 0.05589839220046997 0.2882477230495877
9 0.4382812976837158 0.49375004768371583 0.06288940310478211 0.059395551681518555 0.29516722361246744
9 0.41637086868286133 0.5578877449035644 0.06711293458938598 0.05937872529029846 0.28001249101426867
9 0.6000157833099365 0.5265300750732422 0.06079707145690918 0.06778441071510315 0.2886043548583984
9 0.5699617385864257 0.6060896396636963 0.06013088822364807 0.06220155954360962 0.27296856774224176
9 0.6658010482788086 0.6495959758758545 0.05663241744041443 0.06647514700889587 0.2616918139987522
9 0.730729341506958 0.6751987934112549 0.06219325065612793 0.06504579782485961 0.26780261993408205
9 0.7978101253509522 0.7047554969787597 0.058696013689041135 0.0664745032787323 0.2645104938083225
9 0.8647312164306641 0.7323055744171143 0.06586636900901795 0.0664594292640686 0.2478467305501302
9 0.93359375 0.7625000953674317 0.05949100852012634 0.06679302453994751 0.2478467305501302
9 0.7434164524078369 0.48421616554260255 0.10902847051620483 0.11111096143722535 0.2829260720147027
9 0.7995026588439942 0.5259036064147949 0.09930369257926941 0.09868521094322205 0.25908565521240234
9 0.8700531005859375 0.5396439552307128 0.10835840702056884 0.11121225357055664 0.2671580420600043
9 0.928125 0.5781249523162841 0.09931404590606689 0.09931405782699584 0.2682837804158529
9 0.9973267555236817 0.5968223571777344 0.1021611213684082 0.12517565488815308 0.270284186469184
9 0.5863597869873047 0.789653730392456 0.06011057496070862 0.05523674488067627 0.3099696689181858
9 0.6822751998901367 0.8309955596923828 0.06569936275482177 0.055889052152633664 0.28162420060899523
9 0.7772599697113037 0.8690704345703125 0.06362271904945374 0.05947842597961426 0.27418736351860895
9 0.871875 0.9085938453674316 0.06155193448066711 0.05948125720024109 0.27296856774224176
9 0.5240625381469727 0.8573437690734863 0.05939555764198303 0.06568449139595031 0.29516722361246744
9 0.5904440402984619 0.8854649543762207 0.061495840549468994 0.065704083442688 0.302401245964898
9 0.6562822341918946 0.9147712707519531 0.058065110445022584 0.0615553617477417 0.26624991099039713
9 0.72421875 0.94375 0.05872771739959717 0.06796988248825073 0.30842821333143444
9 0.7890625 0.97265625 0.062221688032150266 0.06433285474777221 0.309156608581543
