9 0.22281694412231445 0.030543339252471925 0.0964709222316742 0.10836529731750488 0.2767196443345812
9 0.3323009490966797 0.23763086795806884 0.11810060739517211 0.10970766544342041 0.2876335991753472
9 0.32973828315734866 0.44064936637878416 0.08665890097618104 0.07967209815979004 0.2849000718858507
9 0.669384241104126 0.3808180332183838 0.10648829936981201 0.09663529396057129 0.2537072711520725
9 0.834375 0.45078125 0.11035342216491699 0.0945918083190918 0.25063607957628037
9 0.1034664273262024 0.6951180458068847 0.08884294033050537 0.09439389705657959 0.26511304643419054
9 0.215625 0.8671875 0.056596165895462035 0.056596165895462035 0.07044657601250542
9 0.22265625 0.95859375 0.05814849138259888 0.06157602667808533 0.9349332173665365
9 0.4960937976837158 0.6765625 0.060797101259231566 0.06432872414588928 0.2882477230495877
9 0.575925350189209 0.7137340545654297 0.08175922632217407 0.08596961498260498 0.2897261725531684
