1 0.14921875 0.44453125 0.0328125 0.0203125 1.0
1 0.20078125 0.44375 0.034375 0.0234375 1.0
1 0.24766912460327148 0.4432522773742676 0.03441049456596375 0.021923387050628663 0.9710827297634549
1 0.296875 0.4421875 0.034375 0.021875 1.0
1 0.19688973426818848 0.5519015789031982 0.0359714537858963 0.020361198484897612 0.9723382737901476
1 0.24609375 0.5546875476837159 0.021924561262130736 0.03336992859840393 0.030292344093322755
1 0.29609375 0.5546875 0.03125 0.0203125 1.0
1 0.2515512228012085 0.672408151626587 0.03441049456596375 0.023484274744987488 0.9710827297634549
1 0.2953125 0.67109375 0.0328125 0.025 1.0
1 0.3449979543685913 0.673406457901001 0.032947689294815063 0.023489521443843843 0.957621341281467
