9 0.7812500476837159 0.03046875596046448 0.0506858229637146 0.04853107333183289 0.3577303992377387
9 0.82265625 0.34375 0.04388943016529083 0.038145321607589724 0.3869387732611762
9 0.7724264621734619 0.40795035362243653 0.05798118114471436 0.059875988960266115 0.15595827102661133
9 0.7257812023162842 0.46953125 0.05814935564994812 0.05814935564994812 0.9314425150553386
9 0.5523437976837158 0.5765625 0.059395378828048705 0.06517722010612488 0.3913065592447917
9 0.61484375 0.61953125 0.05721681118011475 0.07323886156082153 0.3932754940456814
9 0.8084135055541992 0.634254789352417 0.03380204439163208 0.026001569628715516 0.3743340810139974
9 0.86796875 0.54921875 0.027868521213531495 0.025188854336738585 0.34404173956976997
9 0.8359375 0.5945312023162842 0.03343749642372131 0.03937499225139618 0.4096655103895399
9 0.6101563453674317 0.8078125953674317 0.05029723644256592 0.052402925491333005 0.6961124844021267
9 0.5937500476837159 0.8429688453674317 0.033727610111236574 0.04547542929649353 0.15595827102661133
9 0.6218793869018555 0.865542984008789 0.026607909798622133 0.029728591442108154 0.03347541491190593
9 0.64453125 0.84453125 0.028166940808296202 0.03469429016113281 0.02891735765669081
9 0.6700338840484619 0.8641793251037597 0.05252417325973511 0.05191991329193115 0.7472113715277777
9 0.63671875 0.8984375 0.05029617547988892 0.048231232166290286 0.7317161560058594
10 0.8705222129821777 0.8511053085327148 0.03001464605331421 0.026842364668846132 0.42955343458387585
