9 0.7203125476837158 0.07343747615814208 0.12711145877838134 0.10300610065460206 0.24952157338460287
9 0.6759170532226563 0.18558683395385742 0.11925027370452881 0.10387982130050659 0.23512507544623482
9 0.33515625 0.19062498807907105 0.06538361310958862 0.05663827061653137 0.26780261993408205
9 0.296875 0.3421875238418579 0.11919171810150146 0.10694795846939087 0.27644852532280817
9 0.62890625 0.34375 0.10730197429656982 0.10360898971557617 0.25776212480333116
9 0.20095930099487305 0.5622653961181641 0.12070755958557129 0.10679219961166382 0.23611672719319662
9 0.15686944723129273 0.6714794635772705 0.10709353685379028 0.10504834651947022 0.2527886072794596
9 0.10703122615814209 0.7859375 0.10742686986923218 0.09894460439682007 0.23707622951931423
9 0.60546875 0.70703125 0.10174258947372436 0.10979832410812378 0.11855314042833116
9 0.5609375 0.9890625 0.06341275572776794 0.05806376338005066 0.7401641845703125
