9 0.019531252980232238 0.08828125 0.05524137020111084 0.06358551979064941 0.9052136739095052
9 0.0328125 0.1546875 0.05970222949981689 0.06312267184257507 0.9365489535861545
9 0.7312499523162842 0.30546875 0.10398590564727783 0.09807682037353516 0.6576032426622179
9 0.49015088081359864 0.15032204389572143 0.11788814067840576 0.10010980367660523 0.6201541900634766
9 0.4020207405090332 0.21593704223632812 0.11571997404098511 0.09753389954566956 0.6161293029785156
9 0.5323917865753174 0.46430282592773436 0.09663916230201722 0.10140612125396728 0.3743340810139974
9 0.22628958225250245 0.4779950141906738 0.10902847051620483 0.10412453413009644 0.2829260720147027
9 0.778076171875 0.6765422821044922 0.06994953155517578 0.062380754947662355 0.2502285003662109
9 0.7203125953674316 0.7609375476837158 0.12711145877838134 0.10300610065460206 0.24952157338460287
9 0.6759170055389404 0.8730868339538574 0.11925027370452881 0.10387982130050659 0.23512507544623482
9 0.3351562261581421 0.878125 0.06538361310958862 0.05663827061653137 0.26780261993408205
