9 0.2937500476837158 0.8234375 0.05743052363395691 0.06314184665679931 0.2662498474121094
9 0.3820312976837158 0.8804686546325684 0.06996369361877441 0.07726148962974548 0.26624988979763453
9 0.48407611846923826 0.9232833862304688 0.11251084804534912 0.11461567878723145 0.3030751546223958
9 0.6179687976837158 0.9429688453674316 0.1147453784942627 0.11474539041519165 0.0694892512427436
9 0.8494932174682617 0.7743031978607178 0.06986957192420959 0.06653020977973938 0.894863043891059
9 0.9340625762939453 0.7009375095367432 0.07826237678527832 0.06987712383270264 0.7048327975802952
9 0.8668042182922363 0.42609596252441406 0.11202805042266846 0.1132354497909546 0.5622148725721571
9 0.7529409408569336 0.5157467365264893 0.1183063268661499 0.11614116430282592 0.6280413309733073
9 0.6727384567260742 0.6001329898834229 0.06244137287139893 0.06592119932174682 0.647761959499783
9 0.44295487403869627 0.4773719310760498 0.12857996225357055 0.1173872709274292 0.29135519663492837
9 0.4978442668914795 0.3489314079284668 0.11111341714859009 0.10480740070343017 0.2871598561604818
9 0.546875 0.234375 0.13074681758880616 0.11669687032699586 0.29176288180881077
9 0.5898437976837159 0.1046875 0.10138199329376221 0.10499030351638794 0.2739544338650174
9 0.9820311546325684 0.3882812738418579 0.11315537691116333 0.12108540534973145 0.2022129694620768
