9 0.6455911159515381 0.2321162462234497 0.09638230204582214 0.09982724785804749 0.18851275973849826
9 0.5203577995300293 0.20687623023986818 0.08949994444847106 0.10625090599060058 0.18104498121473525
9 0.425 0.178125 0.08399800062179566 0.09388012290000916 0.20483275519476996
9 0.5584181308746338 0.7746417999267579 0.08874669671058655 0.10131869316101075 0.7098454369439019
9 0.5234375 0.6562500476837159 0.08315068483352661 0.09946157336235047 0.7275594923231337
9 0.5065139293670654 0.5308804512023926 0.09408793449401856 0.09499611854553222 0.3948630862765842
9 0.43203129768371584 0.45703125 0.05871338844299316 0.0846350371837616 0.2793865203857422
9 0.3373125076293945 0.40912504196166993 0.09239224791526794 0.11267346143722534 0.2160003874037001
9 0.05625 0.81171875 0.10121418237686157 0.09239820241928101 0.21107393900553387
9 0.3359375 0.9421874046325683 0.08287110328674316 0.11595203876495361 0.9742052714029948
9 0.33285200595855713 0.14532493352890014 0.08845736980438232 0.09339773654937744 0.19416417015923393
9 0.22221174240112304 0.36979291439056394 0.09576444029808044 0.1005478024482727 0.3661024305555556
