9 0.9375 0.5835937976837158 0.08316550254821778 0.0867152452468872 0.2849000506930881
9 0.875131893157959 0.5543313026428223 0.09692241549491883 0.08997613191604614 0.22581261528862848
9 0.7019941806793213 0.6420331001281738 0.07345411777496338 0.0601260244846344 0.26487488216824
9 0.7484374523162842 0.5773437976837158 0.04207114577293396 0.06257838606834412 0.24519888559977213
9 0.9325827598571778 0.7502176761627197 0.06383342742919922 0.06934093236923218 0.2393441942003038
9 0.7890625476837159 0.9796875 0.05450858473777771 0.09861098527908325 0.30419669681125217
9 0.7205170154571533 0.9558487892150879 0.06359716057777405 0.08944544792175294 0.300140741136339
9 0.6320313453674317 0.4140625476837158 0.06009432077407837 0.06778081059455872 0.29516722361246744
9 0.7787833213806152 0.5058048725128174 0.04352032840251922 0.0682152509689331 0.22328035566541884
9 0.8671875 0.73359375 0.04555397629737854 0.06957973837852478 0.34649969736735026
9 0.8060517311096191 0.6972150802612305 0.044763538241386416 0.06512082219123841 0.33618267907036675
9 0.7509068489074707 0.7664628982543945 0.053147971630096436 0.04616570174694061 0.2700505362616645
9 0.8499999046325684 0.81796875 0.03804713785648346 0.04192829728126526 0.21998750898573133
9 0.940625 0.85390625 0.05380750298500061 0.06271654963493348 0.2808635923597548
