9 0.3821875095367432 0.6362500667572022 0.08103336691856385 0.08893906474113464 0.20483277638753256
9 0.31640632152557374 0.5960937976837158 0.07694381475448608 0.10098421573638916 0.2642448001437717
9 0.25 0.5835937976837158 0.08316550254821778 0.0867152452468872 0.2849000506930881
9 0.1876319408416748 0.5543313026428223 0.09692241549491883 0.08997613191604614 0.22581261528862848
9 0.6387065410614013 0.37697854042053225 0.10054781436920165 0.09282643795013427 0.4930044809977214
9 0.518439769744873 0.3322098970413208 0.09692538976669311 0.12161012887954711 0.2308028327094184
9 0.01449413299560547 0.642033052444458 0.07345411777496338 0.0601260244846344 0.26487488216824
9 0.0609375 0.5773437976837158 0.04207114577293396 0.06257838606834412 0.24519888559977213
9 0.3866443395614624 0.8101259231567383 0.046143832802772525 0.06731319427490234 0.24629272884792752
9 0.3225391387939453 0.7823182582855225 0.04903803467750549 0.08355065584182739 0.24670533074273004
9 0.24508259296417237 0.7502176761627197 0.06383342742919922 0.06934093236923218 0.2393441942003038
9 0.44225125312805175 0.6599686622619629 0.07411482334136962 0.09239912033081055 0.20823709699842666
9 0.10156246423721313 0.9796875 0.05450858473777771 0.09861098527908325 0.30419669681125217
9 0.03301702737808228 0.9558487892150879 0.06359716057777405 0.08944544792175294 0.300140741136339
9 0.09128327369689941 0.5058048725128174 0.04352032840251922 0.0682152509689331 0.22328035566541884
9 0.1796875 0.73359375 0.04555397629737854 0.06957973837852478 0.34649969736735026
9 0.11855161190032959 0.6972150325775146 0.044763538241386416 0.06512082219123841 0.33618267907036675
9 0.06340682506561279 0.7664628982543945 0.053147971630096436 0.04616570174694061 0.2700505362616645
9 0.1624999761581421 0.81796875 0.03804713785648346 0.04192829728126526 0.21998750898573133
9 0.35717501640319826 0.8926901817321777 0.06149577498435974 0.055225265026092527 0.30332857767740884
9 0.2531250238418579 0.85390625 0.05380750298500061 0.06271654963493348 0.2808635923597548
