9 0.9921875 0.0578125 0.12823411226272582 0.09041656255722046 0.11799616283840603
9 0.6455911636352539 0.9196162223815918 0.09638230204582214 0.09982724785804749 0.18851275973849826
9 0.5203578472137451 0.894376277923584 0.08949994444847106 0.10625090599060058 0.18104498121473525
9 0.4250000476837158 0.865625 0.08399800062179566 0.09388012290000916 0.20483275519476996
9 0.3328519344329834 0.8328248977661132 0.08845736980438232 0.09339773654937744 0.19416417015923393
9 0.88828125 0.44921875 0.10709681510925292 0.09519716501235961 0.7422378540039063
9 0.5784782409667969 0.268589448928833 0.0934500515460968 0.08211169242858887 0.22840050591362848
9 0.9928309440612793 0.42008271217346194 0.0792030394077301 0.11596236228942872 0.15595827102661133
9 0.6437500953674317 0.13671875 0.11228307485580444 0.09663493633270263 0.255430179172092
9 0.528125 0.36953125 0.09616041779518128 0.0817517638206482 0.28112640380859377
9 0.4578125476837158 0.49921875 0.09110496044158936 0.11427927017211914 0.2520062340630425
9 0.7657757759094238 0.5079903125762939 0.09524097442626953 0.08762377500534058 0.5523094601101346
