9 0.1444377064704895 0.019069653749465943 0.12233487367630005 0.11818387508392333 0.27698304918077254
9 0.09000837802886963 0.1516366958618164 0.12168453931808472 0.11327797174453735 0.2695699055989583
9 0.03593750596046448 0.27734375 0.12002228498458863 0.11345696449279785 0.25776212480333116
9 0.3039062261581421 0.7414063453674317 0.11722915172576905 0.11722915172576905 0.23435933854844834
9 0.43359375 0.79609375 0.11431766748428344 0.12184624671936035 0.24376089307996962
9 0.5664062976837159 0.8515624046325684 0.11286568641662598 0.12409087419509887 0.24822940826416015
9 0.6960936546325683 0.9078125 0.11838819980621337 0.1204255223274231 0.2468621571858724
9 0.82578125 0.9624999046325684 0.11490458250045776 0.11863713264465332 0.2500392066107856
9 0.98203125 0.8375 0.12783095836639405 0.11878931522369385 0.29166937934027776
9 0.7992187976837158 0.76015625 0.12892284393310546 0.11694765090942383 0.25370722876654733
9 0.615856122970581 0.6791880607604981 0.12517082691192627 0.11535018682479858 0.2758816189236111
9 0.4300063133239746 0.602928638458252 0.12392112016677856 0.1175576090812683 0.25565412309434676
9 0.39609375 0.23984375 0.117630136013031 0.12061070203781128 0.19431109958224826
9 0.4601562976837158 0.08984375 0.11120109558105469 0.12128278017044067 0.1918423334757487
9 0.58671875 0.3265625 0.10793648958206177 0.1216046929359436 0.24376087188720702
9 0.7171875 0.38125 0.11521238088607788 0.12033293247222901 0.22840050591362848
9 0.8389413833618165 0.4362203598022461 0.11899645328521728 0.11961195468902588 0.25776210361056856
9 0.9732641220092774 0.49183063507080077 0.1134579062461853 0.11983469724655152 0.2468621571858724
9 0.85078125 0.09140623807907104 0.19654103517532348 0.18106003999710082 0.23375013139512804
