9 0.008593752980232239 0.9078124046325684 0.11838819980621337 0.1204255223274231 0.2468621571858724
9 0.13828126192092896 0.9624999046325684 0.11490458250045776 0.11863713264465332 0.2500392066107856
9 0.29453129768371583 0.8375 0.12783095836639405 0.11878931522369385 0.29166937934027776
9 0.11171877384185791 0.7601562023162842 0.12892284393310546 0.11694765090942383 0.25370722876654733
9 0.029687488079071046 0.38125 0.11521238088607788 0.12033293247222901 0.22840050591362848
9 0.15144126415252684 0.4362203598022461 0.11899645328521728 0.11961195468902588 0.25776210361056856
9 0.28576414585113524 0.49183063507080077 0.1134579062461853 0.11983469724655152 0.2468621571858724
9 0.41726269721984866 0.5443550109863281 0.11202131509780884 0.12802162170410156 0.25673696729871964
9 0.5385280132293702 0.25089187622070314 0.1992672562599182 0.17974860668182374 0.2682837804158529
9 0.4125 0.19609375 0.20051221847534179 0.18485747575759887 0.25515304141574435
9 0.16328125 0.09140622615814209 0.19654103517532348 0.18106003999710082 0.23375013139512804
