9 0.6328125 0.65625 0.11819359064102172 0.11819360256195069 0.2688134511311849
9 0.503125 0.60078125 0.12104932069778443 0.12310235500335694 0.2588284598456489
9 0.37734370231628417 0.5484375 0.11521241664886475 0.12378325462341308 0.23028399149576823
9 0.246875 0.49296875 0.11899489164352417 0.12104234695434571 0.2545085695054796
9 0.11693706512451171 0.4369267463684082 0.12418678998947144 0.12127723693847656 0.23777565426296657
9 0.7906089305877686 0.5355831623077393 0.1231107234954834 0.11549563407897949 0.26624988979763453
9 0.6114634037017822 0.4541194438934326 0.12476540803909301 0.11924724578857422 0.24519888559977213
9 0.8476561546325684 0.4078125 0.12549713850021363 0.11694759130477905 0.2525525834825304
9 0.6666109085083007 0.32742834091186523 0.12740025520324708 0.11490474939346314 0.24952157338460287
9 0.9126999855041504 0.24071192741394043 0.11756190061569213 0.12248367071151733 0.26109517415364586
9 0.7875000476837158 0.18906251192092896 0.11431089639663697 0.12468479871749878 0.24822942945692275
9 0.65234375 0.13203123807907105 0.1198345422744751 0.1319180727005005 0.2478467305501302
9 0.52578125 0.07499997615814209 0.11469740867614746 0.12835828065872193 0.27418738471137155
9 0.396875 0.02031249403953552 0.11899582147598267 0.1263603925704956 0.25983579423692493
