9 0.9045605659484863 0.07922888398170472 0.12717828750610352 0.11600579023361206 0.2916693581475152
9 0.8563091278076171 0.20202169418334961 0.12660107612609864 0.12247424125671387 0.2670476489596897
9 0.7984375 0.33046875 0.12235721349716186 0.1160124659538269 0.2878501256306966
9 0.7447197914123536 0.4466026782989502 0.12724543809890748 0.124405837059021 0.27418736351860895
9 0.5206356525421143 0.9851903915405273 0.12186412811279297 0.12597278356552125 0.25983577304416233
9 0.5733232021331787 0.8643102645874023 0.11676880121231079 0.1118579626083374 0.27527936299641925
9 0.6234375 0.74375 0.12159422636032105 0.12159422636032105 0.2878500832451714
9 0.6778963565826416 0.6155219554901123 0.12168453931808472 0.12660006284713746 0.2695699055989583
9 0.8358272552490235 0.6690220355987548 0.12476539611816406 0.12535244226455688 0.24519888559977213
9 0.7687500476837158 0.83515625 0.11375163793563843 0.12228500843048096 0.233165529039171
