9 0.23351025581359863 0.845455265045166 0.09031407237052917 0.09593802094459533 0.3369289822048611
9 0.1420691967010498 0.7626757621765137 0.09577149748802186 0.09794020056724548 0.3771509806315104
9 0.05629252791404724 0.7069559097290039 0.09515852928161621 0.09864808917045594 0.3267465591430664
9 0.02466348260641098 0.5535576820373536 0.09784680008888244 0.08907621502876281 0.42083316379123265
9 0.043849635124206546 0.6447917938232421 0.05687585473060608 0.05541640520095825 0.7675055609809027
9 0.8570329666137695 0.48838205337524415 0.09688760042190551 0.08438922762870789 0.9897327846950955
9 0.8140625953674316 0.43671875 0.10224047899246216 0.10202301740646362 0.437241702609592
9 0.8930421829223633 0.3241138935089111 0.106628155708313 0.09536371827125549 0.38880026075575086
9 0.95703125 0.34609370231628417 0.09144295454025268 0.09144296050071717 0.8123689439561632
9 0.8879704475402832 0.05677347779273987 0.08976413607597351 0.11629871129989625 0.34110802544487845
