1 0.6164063453674317 0.03984375 0.07719665169715881 0.08884376883506775 0.6038297017415365
8 0.4529747486114502 0.018719947338104247 0.05546409487724304 0.05577053427696228 0.1256659189860026
8 0.3421875238418579 0.08046875 0.031239643692970276 0.0736410915851593 0.6067244635687934
8 0.40663914680480956 0.18386201858520507 0.029048642516136168 0.07194290161132813 0.6179961734347873
8 0.20234375 0.32421875 0.059395551681518555 0.059395551681518555 0.6070837656656901
8 0.13109045028686522 0.22711164951324464 0.030338260531425475 0.069769948720932 0.6165719774034288
1 0.0007812410593032836 0.484375 0.0442163348197937 0.06397092342376709 0.6343861897786458
8 0.4171874523162842 0.34375 0.04813268482685089 0.04632638096809387 0.6076531728108724
8 0.66015625 0.1921875 0.06387177109718323 0.02906395196914673 0.5996958838568793
8 0.3814125061035156 0.3647312641143799 0.052869319915771484 0.02559468150138855 0.6144983079698351
1 0.21036143302917482 0.4537506103515625 0.036872726678848264 0.05687585473060608 0.5868366241455079
