     0/299    0.856G   0.08937    0.2135   0.05111   0.02612    0.3801         1       640         0         0         0         0     0.118    0.1559   0.06734
     1/299    0.856G    0.1135    0.1394   0.06252   0.04063    0.3561         2       640 0.0009353   0.01042 3.767e-05 7.534e-06    0.1155    0.1006   0.06534
     2/299    0.856G    0.1223    0.1045   0.06773   0.03442    0.3289         2       640  0.002623   0.02083  0.000188 2.893e-05    0.1184   0.08327   0.06507
     3/299    0.856G   0.09929   0.08662   0.05657   0.03365    0.2761         2       640  0.001786   0.01042 8.215e-05 1.643e-05    0.1165   0.07786   0.06578
     4/299    0.856G   0.09298   0.07158   0.05417   0.02797    0.2467         1       640  0.003127   0.02083 0.0002194 2.974e-05    0.1141   0.07521   0.06618
     5/299    0.856G    0.1219   0.06898   0.06533   0.03968    0.2959         5       640     0.006   0.03125  0.000918  0.000101     0.113   0.07077   0.06686
     6/299    0.856G   0.09698    0.0613   0.05406   0.03624    0.2486         4       640  0.002065   0.02083 0.0001717 1.717e-05    0.1123   0.06609    0.0673
     7/299    0.856G   0.08447   0.05975   0.04848   0.03101    0.2237         4       640     0.013   0.02083  0.002393 0.0002653    0.1108   0.06311   0.06736
     8/299    0.856G   0.08223     0.064   0.04601   0.03049    0.2227         0       640  0.004007   0.01042  0.000217  2.17e-05    0.1105   0.06147   0.06822
     9/299    0.856G    0.1053   0.06147   0.05677   0.04166    0.2652         5       640    0.3513   0.01042  0.000649  6.49e-05    0.1091   0.05945   0.06831
    10/299    0.856G    0.1016   0.05577   0.05502   0.03267    0.2451         5       640  0.004741   0.01042 0.0003417 0.0001542     0.108   0.05638   0.06762
    11/299    0.856G   0.08831   0.05169    0.0477   0.03082    0.2185         2       640  0.004947   0.02083 0.0006803 0.0001329    0.1069   0.05536   0.06775
    12/299    0.856G    0.1073   0.05803    0.0554   0.03733    0.2581         1       640  0.003888   0.03125 0.0003953 6.402e-05    0.1047   0.05394    0.0695
    13/299    0.856G    0.1034   0.05365   0.05573   0.03497    0.2477         4       640   0.00384   0.02083 0.0003234 5.188e-05    0.1048   0.05164   0.06902
    14/299    0.856G   0.08439    0.0451   0.04287   0.03835    0.2107         1       640   0.01515   0.02083  0.002244 0.0002312    0.1051    0.0508   0.06887
    15/299    0.856G   0.09504   0.04537    0.0499   0.03342    0.2237         2       640    0.3492   0.01042  0.001629 0.0003041    0.1049   0.05042    0.0691
    16/299    0.856G   0.09359   0.04383    0.0494   0.04197    0.2288         0       640  0.002727   0.04167 0.0004104  0.000154     0.103   0.05074   0.06935
    17/299    0.856G   0.09777   0.06525   0.05033   0.03228    0.2456         6       640  0.009605   0.02083  0.001218 0.0002355    0.1067   0.04799   0.06937
    18/299    0.856G   0.09122   0.04842   0.04457   0.02935    0.2136         6       640    0.0205   0.03125  0.003966 0.0005754    0.1056   0.04913   0.07019
    19/299    0.856G   0.08957   0.04559   0.04354   0.03067    0.2094         4       640    0.0205   0.03125  0.003966 0.0005754    0.1056   0.04913   0.07019
    20/299    0.856G   0.09793   0.04485   0.04546   0.03906    0.2273         1       640   0.01239   0.05208  0.004368 0.0005824    0.1019   0.04966   0.06854
    21/299    0.856G   0.08402   0.05751   0.03926    0.0393    0.2201         1       640   0.01026   0.02083  0.001619 0.0001785    0.1039   0.04768   0.06926
    22/299    0.856G   0.08647   0.05253   0.03721   0.03779     0.214         3       640    0.3483   0.01042  0.002425 0.0004798    0.1007   0.04892   0.07057
    23/299    0.856G   0.07035   0.03556   0.03256   0.03448    0.1729         2       640  0.009026   0.09375    0.0056 0.0007504    0.1014    0.0465   0.06798
    24/299    0.856G   0.09519   0.05012   0.04064   0.03849    0.2244         4       640  0.009026   0.09375    0.0056 0.0007504    0.1014    0.0465   0.06798
    25/299    0.856G   0.08669   0.04106   0.03528   0.03284    0.1959         2       640  0.008078   0.09375  0.003488 0.0006483    0.1021   0.04549   0.06814
    26/299    0.856G    0.0802   0.04912   0.02989   0.03896    0.1982         2       640  0.002398   0.01042 0.0003734  6.91e-05    0.1013   0.04595   0.06732
    27/299    0.856G   0.08159   0.04119   0.04195   0.04033    0.2051         0       640  0.004717    0.1042  0.001656 0.0001978    0.1027   0.04401    0.0667
    28/299    0.856G    0.0782   0.04751   0.03004   0.04246    0.1982         2       640  0.006002    0.1354  0.003268  0.000498     0.102   0.04399   0.06707
    29/299    0.856G   0.07265   0.03863   0.03213   0.03135    0.1748         1       640  0.006002    0.1354  0.003268  0.000498     0.102   0.04399   0.06707
    30/299    0.856G   0.07805   0.04731   0.02552   0.04382    0.1947         2       640  0.008526   0.08333  0.004332 0.0006468    0.1019   0.04232   0.06822
    31/299    0.856G   0.08097   0.03985   0.02938   0.04387    0.1941         1       640    0.0119   0.02083  0.004246 0.0006681    0.1038   0.04109   0.06885
    32/299    0.856G    0.0794   0.03735   0.03178   0.02627    0.1748         3       640    0.1494    0.1111    0.1138    0.0115    0.1037   0.04031   0.06878
    33/299    0.856G    0.0867   0.05229   0.03211   0.03513    0.2062         2       640  0.005793    0.1146  0.002137 0.0004167     0.107   0.03826   0.07021
    34/299    0.856G   0.09007   0.04483   0.03164   0.02401    0.1905         1       640  0.005793    0.1146  0.002137 0.0004167     0.107   0.03826   0.07021
    35/299    0.856G   0.08988   0.03746   0.03006   0.02964     0.187         1       640  0.005793    0.1146  0.002137 0.0004167     0.107   0.03826   0.07021
    36/299    0.856G   0.08879   0.03778   0.02848   0.02872    0.1838         5       640  0.005793    0.1146  0.002137 0.0004167     0.107   0.03826   0.07021
    37/299    0.856G   0.09325   0.04902   0.02652   0.03396    0.2028         4       640  0.005793    0.1146  0.002137 0.0004167     0.107   0.03826   0.07021
    38/299    0.856G   0.08614   0.04058   0.03372   0.02373    0.1842         4       640  0.005793    0.1146  0.002137 0.0004167     0.107   0.03826   0.07021
    39/299    0.856G   0.07077   0.03972   0.02257   0.02207    0.1551         5       640  0.005793    0.1146  0.002137 0.0004167     0.107   0.03826   0.07021
    40/299    0.856G   0.06998   0.03459    0.0161    0.0237    0.1444         4       640  0.005793    0.1146  0.002137 0.0004167     0.107   0.03826   0.07021
    41/299    0.856G   0.08379   0.03629   0.02011    0.0329    0.1731         0       640  0.005793    0.1146  0.002137 0.0004167     0.107   0.03826   0.07021
    42/299    0.856G   0.08341    0.0298   0.02703   0.03912    0.1794         4       640  0.005793    0.1146  0.002137 0.0004167     0.107   0.03826   0.07021
    43/299    0.856G   0.08059    0.0337   0.02466   0.02938    0.1683         5       640  0.005793    0.1146  0.002137 0.0004167     0.107   0.03826   0.07021
    44/299    0.856G   0.08581    0.0404   0.03205    0.0211    0.1794         1       640  0.005793    0.1146  0.002137 0.0004167     0.107   0.03826   0.07021
    45/299    0.856G     0.081   0.03301   0.02677    0.0395    0.1803         1       640  0.005793    0.1146  0.002137 0.0004167     0.107   0.03826   0.07021
    46/299    0.856G    0.0771   0.03704   0.02962    0.0326    0.1764         0       640  0.005793    0.1146  0.002137 0.0004167     0.107   0.03826   0.07021
    47/299    0.856G   0.08364   0.03542   0.02165   0.02072    0.1614         1       640  0.005793    0.1146  0.002137 0.0004167     0.107   0.03826   0.07021
    48/299    0.856G   0.08643   0.04248   0.02295   0.01891    0.1708         4       640  0.005793    0.1146  0.002137 0.0004167     0.107   0.03826   0.07021
    49/299    0.856G   0.08659   0.03261   0.02804   0.02888    0.1761         4       640  0.005793    0.1146  0.002137 0.0004167     0.107   0.03826   0.07021
    50/299    0.856G   0.07529   0.03728   0.01449   0.03299    0.1601         6       640  0.005793    0.1146  0.002137 0.0004167     0.107   0.03826   0.07021
    51/299    0.856G   0.09116   0.03574   0.03129   0.02491    0.1831         1       640  0.005793    0.1146  0.002137 0.0004167     0.107   0.03826   0.07021
    52/299    0.856G   0.08058   0.04483   0.02703   0.03027    0.1827         4       640  0.005793    0.1146  0.002137 0.0004167     0.107   0.03826   0.07021
    53/299    0.856G   0.08556   0.03906    0.0322   0.03243    0.1892         2       640  0.005793    0.1146  0.002137 0.0004167     0.107   0.03826   0.07021
    54/299    0.856G    0.0848   0.03272     0.026   0.02624    0.1698         0       640  0.005793    0.1146  0.002137 0.0004167     0.107   0.03826   0.07021
    55/299    0.856G   0.08798   0.03839   0.02892   0.04203    0.1973         2       640  0.005793    0.1146  0.002137 0.0004167     0.107   0.03826   0.07021
    56/299    0.856G   0.07145   0.03753   0.02353   0.02607    0.1586         3       640  0.005793    0.1146  0.002137 0.0004167     0.107   0.03826   0.07021
    57/299    0.856G   0.09422   0.04421   0.02559   0.03569    0.1997         6       640  0.005793    0.1146  0.002137 0.0004167     0.107   0.03826   0.07021
    58/299    0.856G    0.0866   0.04513     0.028   0.03458    0.1943         4       640  0.005793    0.1146  0.002137 0.0004167     0.107   0.03826   0.07021
    59/299    0.856G   0.08844   0.03343   0.02583   0.02936    0.1771         1       640  0.005793    0.1146  0.002137 0.0004167     0.107   0.03826   0.07021
    60/299    0.856G   0.08896   0.03164   0.02985   0.04095    0.1914         3       640  0.005793    0.1146  0.002137 0.0004167     0.107   0.03826   0.07021
    61/299    0.856G   0.08677   0.03514   0.02576   0.03117    0.1788         3       640  0.005793    0.1146  0.002137 0.0004167     0.107   0.03826   0.07021
    62/299    0.856G   0.08354   0.04523   0.02475   0.02871    0.1822         5       640  0.005793    0.1146  0.002137 0.0004167     0.107   0.03826   0.07021
    63/299    0.856G   0.08214   0.04037   0.03116   0.03163    0.1853         1       640  0.005793    0.1146  0.002137 0.0004167     0.107   0.03826   0.07021
    64/299    0.856G   0.08928   0.03655   0.03575   0.03311    0.1947         1       640  0.005793    0.1146  0.002137 0.0004167     0.107   0.03826   0.07021
    65/299    0.856G   0.07969   0.03792   0.02095   0.02674    0.1653         0       640  0.005793    0.1146  0.002137 0.0004167     0.107   0.03826   0.07021
    66/299    0.856G   0.09616   0.04017   0.03096   0.02967    0.1969         4       640  0.005793    0.1146  0.002137 0.0004167     0.107   0.03826   0.07021
    67/299    0.856G   0.08759   0.04373   0.03194   0.03056    0.1938         3       640  0.005793    0.1146  0.002137 0.0004167     0.107   0.03826   0.07021
    68/299    0.856G   0.07527   0.03344   0.01561   0.01976    0.1441         2       640  0.005793    0.1146  0.002137 0.0004167     0.107   0.03826   0.07021
    69/299    0.856G   0.07443   0.03802   0.02032   0.02155    0.1543         1       640  0.005793    0.1146  0.002137 0.0004167     0.107   0.03826   0.07021
    70/299    0.856G   0.07507   0.03207   0.01785   0.03302     0.158         7       640  0.005793    0.1146  0.002137 0.0004167     0.107   0.03826   0.07021
    71/299    0.856G   0.08364   0.02986   0.03471   0.02813    0.1763         2       640  0.005793    0.1146  0.002137 0.0004167     0.107   0.03826   0.07021
    72/299    0.856G   0.08306   0.04175   0.01968   0.02602    0.1705         2       640  0.005793    0.1146  0.002137 0.0004167     0.107   0.03826   0.07021
    73/299    0.856G   0.07693     0.039    0.0231   0.02199     0.161         0       640  0.005793    0.1146  0.002137 0.0004167     0.107   0.03826   0.07021
    74/299    0.856G   0.06986   0.02955   0.02545   0.02539    0.1503         2       640  0.005793    0.1146  0.002137 0.0004167     0.107   0.03826   0.07021
    75/299    0.856G    0.0969   0.03851   0.03155   0.03483    0.2018         2       640  0.005793    0.1146  0.002137 0.0004167     0.107   0.03826   0.07021
    76/299    0.856G    0.0915   0.04541   0.02245   0.02488    0.1842         1       640  0.005793    0.1146  0.002137 0.0004167     0.107   0.03826   0.07021
    77/299    0.856G   0.09475   0.04311   0.02709    0.0296    0.1945         2       640  0.005793    0.1146  0.002137 0.0004167     0.107   0.03826   0.07021
    78/299    0.856G     0.063    0.0367   0.01795   0.02134     0.139         2       640  0.005793    0.1146  0.002137 0.0004167     0.107   0.03826   0.07021
    79/299    0.856G   0.08651   0.04678   0.02084   0.03432    0.1884         7       640  0.005793    0.1146  0.002137 0.0004167     0.107   0.03826   0.07021
    80/299    0.856G   0.08028    0.0332   0.02234   0.02876    0.1646         3       640  0.005793    0.1146  0.002137 0.0004167     0.107   0.03826   0.07021
    81/299    0.856G   0.09695   0.04602    0.0294   0.03189    0.2043         1       640  0.005793    0.1146  0.002137 0.0004167     0.107   0.03826   0.07021
    82/299    0.856G   0.07463   0.03476   0.03601   0.02836    0.1738         1       640  0.005793    0.1146  0.002137 0.0004167     0.107   0.03826   0.07021
    83/299    0.856G   0.07823   0.03947   0.02128   0.02224    0.1612         4       640  0.005793    0.1146  0.002137 0.0004167     0.107   0.03826   0.07021
    84/299    0.856G   0.09376   0.03989   0.03095   0.03382    0.1984         2       640  0.005793    0.1146  0.002137 0.0004167     0.107   0.03826   0.07021
    85/299    0.856G   0.07337   0.03015   0.02353   0.02011    0.1472         3       640   0.01434    0.1215  0.009725  0.001538    0.1049   0.03698   0.07298
    86/299    0.856G   0.08752   0.03873   0.02494   0.03097    0.1822         4       640   0.01434    0.1215  0.009725  0.001538    0.1049   0.03698   0.07298
    87/299    0.856G     0.087   0.03273   0.02627   0.01974    0.1657         1       640   0.01434    0.1215  0.009725  0.001538    0.1049   0.03698   0.07298
    88/299    0.856G    0.0805   0.03762   0.02452   0.02571    0.1683         2       640   0.01434    0.1215  0.009725  0.001538    0.1049   0.03698   0.07298
    89/299    0.856G   0.06909   0.03694   0.02481   0.02733    0.1582         1       640   0.01434    0.1215  0.009725  0.001538    0.1049   0.03698   0.07298
    90/299    0.856G   0.07793   0.03307   0.02109   0.02311    0.1552         0       640  0.004566   0.05208 0.0009376 0.0001023    0.1075   0.03602   0.06917
    91/299    0.856G    0.1058   0.03334    0.0285   0.02906    0.1967         2       640  0.004566   0.05208 0.0009376 0.0001023    0.1075   0.03602   0.06917
    92/299    0.856G   0.09885   0.03236   0.02118   0.02684    0.1792         6       640  0.004566   0.05208 0.0009376 0.0001023    0.1075   0.03602   0.06917
    93/299    0.856G   0.09663   0.02926   0.01878   0.02333     0.168         2       640  0.004566   0.05208 0.0009376 0.0001023    0.1075   0.03602   0.06917
    94/299    0.856G   0.09472   0.02735   0.03062   0.03156    0.1843         1       640  0.004566   0.05208 0.0009376 0.0001023    0.1075   0.03602   0.06917
    95/299    0.856G    0.1072    0.0378   0.01942   0.02995    0.1943         3       640  0.004566   0.05208 0.0009376 0.0001023    0.1075   0.03602   0.06917
    96/299    0.856G    0.1094   0.03009   0.01595   0.02478    0.1802         3       640         0         0         0         0    0.1103    0.0359   0.06956
    97/299    0.856G   0.09147   0.02906   0.01729   0.02131    0.1591         0       640         0         0         0         0    0.1103    0.0359   0.06956
    98/299    0.856G   0.09743   0.02881   0.02624   0.03139    0.1839         3       640         0         0         0         0    0.1103    0.0359   0.06956
    99/299    0.856G   0.09253   0.03488   0.02616   0.02626    0.1798         2       640         0         0         0         0    0.1103    0.0359   0.06956
   100/299    0.856G    0.1083   0.04155   0.02708   0.03042    0.2074         5       640         0         0         0         0    0.1103    0.0359   0.06956
   101/299    0.856G   0.09932   0.03508   0.01695   0.02491    0.1763         6       640    0.0069    0.1215  0.004225 0.0008378     0.108   0.03814   0.07015
   102/299    0.856G   0.07492   0.03547   0.02335   0.01913    0.1529         0       640    0.0069    0.1215  0.004225 0.0008378     0.108   0.03814   0.07015
   103/299    0.856G   0.08636   0.03361   0.01797   0.02676    0.1647         5       640    0.0069    0.1215  0.004225 0.0008378     0.108   0.03814   0.07015
   104/299    0.856G   0.08672   0.02561   0.01582   0.02458    0.1527         3       640    0.0069    0.1215  0.004225 0.0008378     0.108   0.03814   0.07015
   105/299    0.856G   0.09335   0.03239   0.01771   0.02076    0.1642         1       640    0.0069    0.1215  0.004225 0.0008378     0.108   0.03814   0.07015
   106/299    0.856G   0.08003   0.03269   0.01903   0.02472    0.1565         1       640         0         0         0         0    0.1053   0.04007   0.06828
   107/299    0.856G   0.09713   0.04057   0.03079   0.02956    0.1981         6       640         0         0         0         0    0.1053   0.04007   0.06828
   108/299    0.856G   0.09793   0.03324   0.03828   0.02368    0.1931         5       640         0         0         0         0    0.1053   0.04007   0.06828
   109/299    0.856G   0.08188   0.03146    0.0145   0.02462    0.1525         5       640         0         0         0         0    0.1053   0.04007   0.06828
   110/299    0.856G   0.08271   0.03717   0.02551   0.02702    0.1724         5       640         0         0         0         0    0.1053   0.04007   0.06828
   111/299    0.856G   0.09747   0.03917    0.0213   0.02622    0.1842         1       640         0         0         0         0    0.1053   0.04007   0.06828
   112/299    0.856G   0.08599    0.0252   0.01969   0.03876    0.1696         3       640  0.006006   0.02083 0.0007752 7.752e-05    0.1065   0.03934   0.06954
   113/299    0.856G    0.0876     0.032   0.02655   0.02452    0.1707         5       640  0.006006   0.02083 0.0007752 7.752e-05    0.1065   0.03934   0.06954
   114/299    0.856G   0.09253   0.02945   0.03106   0.03801     0.191         1       640  0.006006   0.02083 0.0007752 7.752e-05    0.1065   0.03934   0.06954
   115/299    0.856G   0.07576   0.02655   0.01781   0.02814    0.1483         1       640  0.006006   0.02083 0.0007752 7.752e-05    0.1065   0.03934   0.06954
   116/299    0.856G   0.07882   0.03334   0.03427   0.02107    0.1675         1       640  0.006006   0.02083 0.0007752 7.752e-05    0.1065   0.03934   0.06954
   117/299    0.856G   0.08621   0.03084   0.03269   0.02929     0.179         2       640         0         0         0         0    0.1051    0.0408   0.06991
   118/299    0.856G   0.07245    0.0327   0.01462   0.02164    0.1414         0       640         0         0         0         0    0.1051    0.0408   0.06991
   119/299    0.856G   0.07426   0.03012   0.01747   0.01663    0.1385         2       640         0         0         0         0    0.1051    0.0408   0.06991
   120/299    0.856G   0.07539   0.02575   0.01539   0.02734    0.1439         0       640         0         0         0         0    0.1051    0.0408   0.06991
   121/299    0.856G   0.08427   0.04465   0.02159    0.0221    0.1726         4       640         0         0         0         0    0.1051    0.0408   0.06991
   122/299    0.856G   0.08242     0.052   0.02149    0.0298    0.1857         3       640   0.05854    0.1111   0.03491  0.006286    0.1038   0.04346   0.07083
   123/299    0.856G   0.07638   0.03807   0.02268   0.02458    0.1617         4       640   0.05854    0.1111   0.03491  0.006286    0.1038   0.04346   0.07083
   124/299    0.856G   0.06625    0.0343   0.02033   0.02313     0.144         0       640   0.05854    0.1111   0.03491  0.006286    0.1038   0.04346   0.07083
   125/299    0.856G   0.07811   0.03197   0.01258   0.03001    0.1527         1       640   0.05854    0.1111   0.03491  0.006286    0.1038   0.04346   0.07083
   126/299    0.856G   0.08249   0.03521   0.01257   0.02229    0.1526         1       640   0.05854    0.1111   0.03491  0.006286    0.1038   0.04346   0.07083
   127/299    0.856G   0.07927   0.03113   0.01725   0.02165    0.1493         1       640   0.05854    0.1111   0.03491  0.006286    0.1038   0.04346   0.07083
   128/299    0.856G    0.0839    0.0337   0.01796   0.02292    0.1585         2       640         0         0         0         0    0.1048   0.04231   0.07318
   129/299    0.856G   0.09611   0.03447   0.02992   0.02953      0.19         3       640         0         0         0         0    0.1048   0.04231   0.07318
   130/299    0.856G   0.07741      0.04   0.03028   0.02722    0.1749         0       640         0         0         0         0    0.1048   0.04231   0.07318
   131/299    0.856G   0.08286   0.03547   0.01227   0.02807    0.1587         3       640         0         0         0         0    0.1048   0.04231   0.07318
   132/299    0.856G   0.07009   0.03274   0.01865   0.01784    0.1393         4       640         0         0         0         0    0.1048   0.04231   0.07318
   133/299    0.856G   0.07915   0.03254   0.03008   0.02894    0.1707         1       640    0.5716    0.1111    0.1674   0.02795   0.09978   0.04642   0.07255
   134/299    0.856G   0.07642   0.03847   0.01819   0.02302    0.1561         2       640    0.5716    0.1111    0.1674   0.02795   0.09978   0.04642   0.07255
   135/299    0.856G   0.07913    0.0376   0.02522   0.03195    0.1739         2       640    0.5716    0.1111    0.1674   0.02795   0.09978   0.04642   0.07255
   136/299    0.856G   0.06669   0.03337    0.0208   0.02709     0.148         1       640    0.5716    0.1111    0.1674   0.02795   0.09978   0.04642   0.07255
   137/299    0.856G   0.06814      0.03   0.02419   0.02393    0.1463         3       640    0.5716    0.1111    0.1674   0.02795   0.09978   0.04642   0.07255
   138/299    0.856G   0.06503   0.03595   0.01549   0.02953     0.146         4       640    0.2481    0.1111    0.1117   0.02235    0.1007   0.04581   0.07337
   139/299    0.856G   0.07238   0.03187   0.02966    0.0237    0.1576         1       640    0.2481    0.1111    0.1117   0.02235    0.1007   0.04581   0.07337
   140/299    0.856G   0.07505   0.03714   0.01835   0.03173    0.1623         4       640    0.2481    0.1111    0.1117   0.02235    0.1007   0.04581   0.07337
   141/299    0.856G   0.05979   0.02901   0.01402   0.01333    0.1161         2       640    0.2481    0.1111    0.1117   0.02235    0.1007   0.04581   0.07337
   142/299    0.856G   0.07983   0.04034   0.02843   0.02617    0.1748         1       640    0.2481    0.1111    0.1117   0.02235    0.1007   0.04581   0.07337
   143/299    0.856G   0.07175   0.02923   0.01711   0.02232    0.1404         1       640    0.2481    0.1111    0.1117   0.02235    0.1007   0.04581   0.07337
   144/299    0.856G   0.07498   0.02814   0.01959   0.02691    0.1496         2       640   0.02778    0.2222   0.03252  0.003252    0.1038   0.04407   0.07454
   145/299    0.856G   0.05359   0.02356   0.01002    0.0101   0.09726         1       640   0.02778    0.2222   0.03252  0.003252    0.1038   0.04407   0.07454
   146/299    0.856G   0.07465   0.02767   0.02311   0.02179    0.1472         1       640   0.02778    0.2222   0.03252  0.003252    0.1038   0.04407   0.07454
   147/299    0.856G   0.08269   0.03616    0.0248   0.02616    0.1698         2       640   0.02778    0.2222   0.03252  0.003252    0.1038   0.04407   0.07454
   148/299    0.856G   0.08198   0.03547   0.02532   0.03289    0.1757         3       640   0.02778    0.2222   0.03252  0.003252    0.1038   0.04407   0.07454
   149/299    0.856G   0.08027   0.02759   0.01834    0.0275    0.1537         5       640    0.0955    0.0955   0.03728  0.003728    0.1033   0.04386   0.07493
   150/299    0.856G   0.06911   0.03618   0.01175   0.02588    0.1429         4       640    0.0955    0.0955   0.03728  0.003728    0.1033   0.04386   0.07493
   151/299    0.856G   0.07272   0.03986   0.01983   0.02248    0.1549         0       640    0.0955    0.0955   0.03728  0.003728    0.1033   0.04386   0.07493
   152/299    0.856G   0.07506   0.03411    0.0207   0.02703    0.1569         4       640    0.0955    0.0955   0.03728  0.003728    0.1033   0.04386   0.07493
   153/299    0.856G   0.07875   0.04235    0.0214   0.02972    0.1722         4       640    0.0955    0.0955   0.03728  0.003728    0.1033   0.04386   0.07493
   154/299    0.856G   0.07229   0.03626   0.03669   0.02505    0.1703         3       640    0.1514    0.1111   0.05655   0.01125    0.1024    0.0454    0.0742
   155/299    0.856G   0.05242   0.02587   0.01054   0.02523    0.1141         1       640    0.1514    0.1111   0.05655   0.01125    0.1024    0.0454    0.0742
   156/299    0.856G   0.06914   0.03476   0.01961      0.03    0.1535         1       640    0.1514    0.1111   0.05655   0.01125    0.1024    0.0454    0.0742
   157/299    0.856G   0.07121   0.03379    0.0197   0.03541    0.1601         3       640    0.1514    0.1111   0.05655   0.01125    0.1024    0.0454    0.0742
   158/299    0.856G    0.0633    0.0394  0.009508   0.02435    0.1366         9       640    0.1514    0.1111   0.05655   0.01125    0.1024    0.0454    0.0742
   159/299    0.856G   0.07562   0.04051   0.02539   0.02449     0.166         1       640    0.1514    0.1111   0.05655   0.01125    0.1024    0.0454    0.0742
   160/299    0.856G   0.08038   0.04287   0.02296   0.03567    0.1819         2       640   0.02778    0.1111   0.02801  0.005602    0.1035   0.04455   0.07448
   161/299    0.856G   0.08148   0.04064    0.0274   0.02379    0.1733         5       640   0.02778    0.1111   0.02801  0.005602    0.1035   0.04455   0.07448
   162/299    0.856G   0.07243   0.04547   0.02112   0.02656    0.1656         5       640   0.02778    0.1111   0.02801  0.005602    0.1035   0.04455   0.07448
   163/299    0.856G   0.07096   0.04051   0.01633   0.02301    0.1508         6       640   0.02778    0.1111   0.02801  0.005602    0.1035   0.04455   0.07448
   164/299    0.856G   0.07622   0.04094   0.02119   0.03317    0.1715         1       640   0.02778    0.1111   0.02801  0.005602    0.1035   0.04455   0.07448
   165/299    0.856G   0.06995   0.04436   0.02218   0.02946    0.1659         4       640    0.1568    0.1111   0.05593   0.01119    0.1022   0.04608   0.07375
   166/299    0.856G   0.05833   0.03389   0.01442    0.0264     0.133         3       640    0.1568    0.1111   0.05593   0.01119    0.1022   0.04608   0.07375
   167/299    0.856G   0.07088   0.03371    0.0271   0.02618    0.1579         5       640    0.1568    0.1111   0.05593   0.01119    0.1022   0.04608   0.07375
   168/299    0.856G   0.05521   0.03399   0.01621   0.02386    0.1293         5       640    0.1568    0.1111   0.05593   0.01119    0.1022   0.04608   0.07375
   169/299    0.856G   0.05287   0.03567   0.02053    0.0265    0.1356         0       640    0.1568    0.1111   0.05593   0.01119    0.1022   0.04608   0.07375
   170/299    0.856G   0.06472   0.03829   0.02257   0.02645     0.152         4       640    0.1367    0.1111   0.05593   0.01119    0.1021   0.04708    0.0737
   171/299    0.856G   0.06941   0.02843   0.01759   0.02678    0.1422         5       640    0.1367    0.1111   0.05593   0.01119    0.1021   0.04708    0.0737
   172/299    0.856G     0.061   0.04192   0.01396   0.01794    0.1348         3       640    0.1367    0.1111   0.05593   0.01119    0.1021   0.04708    0.0737
   173/299    0.856G     0.058   0.02717   0.01523    0.0226     0.123         1       640    0.1367    0.1111   0.05593   0.01119    0.1021   0.04708    0.0737
   174/299    0.856G   0.06041    0.0387   0.01561     0.021    0.1357         3       640    0.1367    0.1111   0.05593   0.01119    0.1021   0.04708    0.0737
   175/299    0.856G    0.0666   0.03949   0.01793   0.02933    0.1533         5       640    0.1367    0.1111   0.05593   0.01119    0.1021   0.04708    0.0737
   176/299    0.856G    0.0691   0.02705   0.02239   0.02209    0.1406         3       640    0.1642    0.1111   0.05593  0.005593    0.1022   0.04661   0.07373
   177/299    0.856G   0.06947   0.02805   0.01521   0.01918    0.1319         4       640    0.1642    0.1111   0.05593  0.005593    0.1022   0.04661   0.07373
   178/299    0.856G   0.08355   0.05735   0.02502    0.0315    0.1974         4       640    0.1642    0.1111   0.05593  0.005593    0.1022   0.04661   0.07373
   179/299    0.856G   0.07394   0.03395   0.02415   0.02647    0.1585         2       640    0.1642    0.1111   0.05593  0.005593    0.1022   0.04661   0.07373
   180/299    0.856G   0.06971   0.03865   0.01886    0.0324    0.1596         1       640    0.1642    0.1111   0.05593  0.005593    0.1022   0.04661   0.07373
